1600
1000000
435754
504469
243243
387561
949670
377017
944239
972534
875371
768684
462693
763762
82896
257762
400910
221479
967656
815250
615052
319907
848152
634413
416569
293139
199182
587535
267047
346935
12224
574437
10576
857316
493582
16566
59807
144255
386092
145979
980180
382381
431636
540309
601389
590499
879397
562788
125960
927860
488743
980685
701890
717509
175811
56009
579620
715643
309326
829085
283180
150841
673858
148627
191168
968100
287697
241183
545288
530064
587698
258336
182514
751388
974900
291812
221474
272141
352423
804625
524524
812220
81086
290699
4011
291167
728387
245851
744549
646397
92933
209831
472727
537747
249100
722092
121464
287356
775649
523232
108303
471303
907224
229551
475259
553045
79090
9939
222403
828576
223193
502295
8196
739383
217522
320957
886629
301619
91003
27119
904580
998599
942559
360969
192350
988552
45682
867300
646157
890732
278811
785585
423445
730369
846994
221038
250192
846557
241769
164916
973960
697071
523890
890353
887239
530244
307459
614245
92751
836404
274247
86231
585641
340008
653396
942584
787109
48501
864426
245787
979802
535047
440380
619898
467420
199681
423176
787238
309239
727035
654639
113768
164883
338712
774415
978461
125469
724471
279886
396289
404316
728808
703429
344918
413748
968138
818785
671969
64083
558636
801004
292731
86698
45988
433389
627424
805182
445626
780038
872687
56849
25695
224053
753638
901505
94858
409151
860953
345139
593193
416382
541580
553323
726809
457842
582286
932384
235454
475718
601949
16012
137241
297697
151517
310771
955804
418713
9843
126060
502509
54207
59083
942385
260050
841519
425109
56380
293579
453715
276409
81820
401701
434122
789187
382967
912022
760014
306896
669884
124565
347
649196
794926
911284
445148
858312
255457
390999
253078
410073
29896
916492
488930
62363
152502
834106
904212
65525
866920
606102
451717
417227
289283
922141
818884
208585
258770
368644
714969
878827
456819
73424
253495
372552
935776
497865
534124
776635
913586
210034
447069
3097
63175
39544
798324
479768
553529
488560
85478
612307
784026
653262
641521
989186
94387
196208
408059
915469
729714
102400
299487
881750
993375
50521
976159
1352
830072
235661
857274
281923
47262
391013
373134
836780
5159
573383
781643
786914
883858
991
355344
656280
570722
861940
382999
521026
801953
547842
223658
37580
439373
209489
601357
744994
666741
880074
435022
713738
449510
666370
760883
696105
817749
669388
723598
422690
404019
363424
187529
584866
196320
136060
251025
344987
650788
571513
834290
924010
149657
845927
555320
930518
287049
295528
308639
615625
618487
817233
317960
164986
319609
266161
946636
472175
665351
425645
218667
576919
362970
442723
828271
97203
550570
845702
397433
536014
707389
390299
878560
301499
812904
16980
293319
643571
838901
144498
448919
480506
61951
373268
879547
265820
743343
427110
23367
628753
439298
823008
564434
510902
576399
325922
944069
917092
955472
719320
277684
200307
531713
801998
300756
8521
159716
807852
511572
635529
989080
637689
378569
538374
849617
390766
336566
210739
274771
688655
308827
434666
777623
195128
660893
172240
616004
553194
817281
4358
561479
683987
253603
75494
121602
22145
214368
961340
255614
798419
300648
740505
870861
922644
22003
821909
290504
368830
513515
756331
442674
219035
881432
343512
737054
683781
59940
835515
466921
484192
636690
932552
103018
954633
836238
569205
30183
104547
738183
197031
118498
664281
850774
383758
17777
832109
360937
69802
217541
38271
738115
749598
724184
546740
882030
178230
672887
126563
673385
943118
313862
341987
611758
386025
590871
234246
206362
912394
964503
297734
923044
683044
223533
689453
784845
47513
774751
552972
173642
848829
304958
186800
986820
906274
768422
541952
65651
565675
368877
194585
730959
196061
577244
507022
336884
906993
254558
164065
984985
562654
634161
651404
928610
376777
258032
529066
741430
986777
959227
545212
24208
925918
635664
734233
280322
839144
870124
647993
603270
621183
417113
780169
988321
894803
199322
61051
405663
892615
734722
23776
253858
857545
849940
872863
450110
535149
126337
222057
207781
195166
772306
710845
501800
890221
518628
57676
329059
336369
693277
362768
133561
883146
847910
634541
185066
530070
180325
581086
275140
842054
525508
681707
825984
917906
872442
433478
395105
274166
204700
453867
602838
620720
959878
812868
709911
25184
556269
566727
428724
889802
244756
970214
64659
497578
9683
255531
752735
623672
364587
183343
380074
853555
666949
795023
766123
801184
10719
925116
810242
378494
846172
69135
610241
631724
223751
144202
5628
430618
961832
528669
605775
473308
97949
521741
125915
652688
698834
25263
772818
819327
476677
817187
497192
371512
687350
259924
161305
904746
470905
666593
58014
361028
135479
834396
761336
732533
882791
446641
988881
394767
126772
143663
12936
571090
866394
67682
169654
263451
539636
597854
184768
223477
407537
809079
359446
183539
795665
911834
141330
619205
454853
560119
243518
772464
893909
450772
268182
529384
784049
79797
741709
16381
438140
869949
574713
456001
927415
138734
222932
906176
614114
537106
244002
996113
750611
656515
520272
667539
323885
475604
149283
231739
508762
197739
891211
760866
934195
816672
106559
946226
463895
440043
317512
76785
345965
999036
882896
717872
395747
477405
789297
3076
341926
204208
229915
191593
587979
71982
467851
288776
419419
765702
462036
79410
121813
217785
871670
881240
565393
540483
348977
690531
559151
629459
480312
161950
680631
480900
342068
41826
347176
19459
400545
256842
610250
895421
403885
849463
526490
276891
989359
346945
987479
136411
960762
952485
574804
911316
578348
155103
347771
703268
747684
969121
468227
374779
694009
34562
220270
999179
565115
236605
292168
125363
418476
335208
153665
229783
217280
335275
983895
545534
785234
973242
883458
182022
151437
747756
38778
78568
354333
380053
97689
871463
567671
453987
262249
196336
361639
256094
508136
296368
18732
512882
899502
61732
86653
805529
184031
786799
769467
931410
724979
999021
333426
377434
355317
687031
435352
371862
923659
135394
169104
689338
142480
359565
669682
498105
846193
827003
314634
58875
919991
749012
918932
11591
969904
732769
832164
319340
270376
994136
515819
677899
647694
649227
3662
344929
735966
826334
629616
894607
476884
469712
545292
361429
825337
742837
843223
601263
370021
881147
552076
468160
981489
192907
376551
582238
659680
661719
817371
46940
468777
265323
225726
463239
819292
692742
421696
983849
385648
615424
737671
952282
632035
47953
735436
879589
260193
619996
389567
125877
889810
773563
229959
674204
935557
998290
792759
811226
954349
222308
741678
361949
702243
387442
190598
365219
762460
54809
83574
722096
884321
610581
969792
400985
107473
271501
148739
241443
336602
625911
954764
262810
278887
888431
900444
654325
559781
395036
504566
300178
392272
120191
893279
775888
390597
158822
681875
241735
991449
183276
219886
554425
474041
859074
13602
219939
754972
83141
27829
518549
974627
694300
612647
247197
388959
998253
1116
44983
233781
47854
680332
194251
38290
124396
450923
122745
330361
276742
659036
571614
798207
92537
910029
539514
751344
99353
554573
664817
158347
323506
375515
665967
629719
570421
197842
824262
461252
932800
594247
263844
256605
881483
465271
960461
707356
48770
35670
993546
824635
475116
727604
545434
288515
657478
446460
547037
609630
211241
46539
671058
482094
337518
131546
581832
47600
573772
888772
965140
787636
498062
356045
881851
414103
155884
376963
416000
438162
983423
512647
420925
62985
912196
347158
406340
668120
157425
948959
254726
431545
916137
732202
507188
570015
830839
599367
416920
269147
610782
40672
832696
621763
645185
815923
245299
796312
791438
950859
6560
216781
776178
42806
813695
751320
808265
289337
40870
778862
70087
228881
395452
531366
727206
913640
678145
293857
976311
122878
134224
885276
437511
268588
997345
340199
889426
845745
347898
864841
944143
635789
334651
950292
764008
384686
141420
991780
333332
345848
819775
884814
115499
903417
254287
847379
149573
472812
78590
151942
770403
13192
318518
541820
172341
780391
902874
853554
979089
399095
952852
770253
830804
939472
937921
690417
754491
446163
368980
412617
744827
286477
688832
708409
549974
759855
415579
884267
130525
642072
396238
117800
639658
725393
235934
694418
58673
959782
582261
267621
814477
500524
964920
919445
804234
824021
317478
107153
257246
86216
141146
548074
775296
67093
509675
716579
710040
369829
760020
905490
759698
24672
765170
738802
297138
285292
143525
613393
477623
199301
623497
794499
616834
484819
52494
793036
678444
351452
216208
212404
965386
166680
717151
468276
270098
287659
650606
656880
806393
953586
711717
375669
219278
865268
669159
484794
848866
966188
848843
638637
210717
983335
385403
913738
347291
486251
519664
12744
303843
579193
147098
333614
486960
854006
155255
659104
75099
900237
827421
343631
967838
494239
735263
652967
984196
570436
94984
346726
150275
215622
519503
684495
952585
221124
463454
783460
375814
177837
428293
658773
392431
705591
171554
337401
326395
171016
747321
152084
174369
166998
194228
694046
535234
102026
82806
931473
272320
479170
935758
685292
412653
832137
742755
994643
73659
829772
405597
901500
400143
760600
970083
837194
592995
465417
927722
103188
115948
798663
703382
904266
77873
868229
684270
14364
605442
628566
791121
433588
744654
883398
644242
329553
59585
392037
835059
146977
632864
567252
678072
16537
614744
202823
88648
497330
816303
775380
908810
246838
97148
127790
86212
428112
459173
760341
600738
535983
825267
531122
928678
852399
455529
298484
136170
925580
833403
926142
401647
308492
640318
115413
881233
289222
129751
729309
351583
499134
810300
629628
991406
94283
852238
560885
995897
671371
43116
283876
457603
201596
435408
986850
92714
44074
52803
983739
943564
535078
151627
846548
146100
740165
570026
412992
215366
703320
639910
560636
72535
930578
985306
245260
213799
905163
285628
63841
4406
146968
743536
521516
70424
701317
564398
257067
156304
970232
228055
712928
618060
484026
713414
123383
929916
551840
122572
238618
196512
726832
343529
902421
683273
675030
489206
457835
804300
346453
855334
967711
840157
312886
50944
406089
897178
758822
772552
301501
265430
890338
416778
794776
384224
461306
356001
711567
82080
707108
237818
43822
622288
223137
111418
184569
355759
228642
532649
366873
459562
216097
54423
20470
322594
202046
670226
178580
629074
667475
845914
642553
86049
804075
748576
343481
42875
867333
161150
227568
958633
278192
357599
36043
787702
612120
905838
550540
874217
767728
964245
231373
872898
416645
142465
688770
546751
302192
408339
96136
31378
76464
840197
479553
301170
143736
247359
799214
124404
412696
811596
876160
752248
950827
938417
511637
950980
281306
449444
596600
757203
466151
95754
615310
512607
178879
126970
709696
317828
685774
312005
390073
34228
26934
374736
53017
357918
716598
281540
698635
292095
966784
197488
627182
551792
779148
214137
438886
49380
246992
144234
361080
629680
62703
777287
783151
650289
535453
994839
892529
835756
389829
55405
