400
1000000
285390
44259
290122
823128
393624
790993
395859
641510
11136
993171
26457
234757
446369
652642
767797
626649
395871
843931
73387
539952
2216
2528
988175
317710
547970
271772
37432
706687
757033
540080
879451
266041
343678
539523
442957
481699
274733
522253
48376
890560
191870
583059
446719
648495
578602
654311
800648
12279
550576
563848
379369
147966
597912
316834
142285
526829
214817
939383
445966
924903
114358
804769
824765
703276
645269
352277
167502
613673
102827
504270
640962
847491
857286
888806
395500
426356
611068
183134
428904
318366
639829
507678
981692
856613
572752
820600
490386
135160
123809
689812
434828
62577
198490
652300
381475
664245
969396
609901
146628
42028
839312
356139
281924
123546
691815
380554
18926
963163
467162
554882
400547
892947
895161
169783
574026
264214
166914
61245
123570
868946
433763
242628
880303
385208
284473
541246
862989
351850
770635
227694
875086
245160
125455
521620
811981
203768
52541
159383
916848
827955
349015
917073
64383
265714
671197
96607
648734
490223
451317
503139
805280
272078
330159
368754
505464
854483
983215
10458
529728
750750
886915
749701
445638
400824
396640
766211
496647
647192
489714
110636
741473
120426
664252
58535
874916
660719
778666
352497
908009
844182
66875
649672
288693
531286
170644
668781
103809
109718
793248
113639
719001
765060
497520
439525
585187
680080
246623
924211
968609
537045
517257
307232
45995
77376
202749
468988
147235
759060
67412
235521
925002
744657
213753
415324
884104
551339
880544
601288
12892
699307
902482
103913
224896
606039
331100
621156
940917
791237
41797
895800
420115
180935
633274
662994
383235
929154
563392
648604
61896
711583
259396
243293
54958
888187
890632
747738
276308
280236
598368
761169
837953
562165
239968
368396
928160
429793
123682
269784
616418
773804
785443
894100
45353
61053
590555
835963
654265
6103
830836
667583
919804
401575
31708
288787
596348
668233
383960
499788
591984
284405
571315
407945
425558
759177
777652
612765
676079
224962
326671
852624
957824
42426
231989
942254
732837
34361
917089
381723
707048
95009
502258
975722
647100
957458
349573
166163
202002
844117
7211
551648
717075
573896
300787
244091
87224
454636
82134
295827
412364
950424
64863
419736
589944
680839
251271
620487
7788
782794
686567
156718
185066
45538
664120
461983
550037
515487
49360
266584
540240
459970
90145
182865
864175
677575
937894
443352
73056
147697
116427
314094
557033
922985
344453
944841
702394
985808
442789
63186
224516
513453
538891
971574
625955
626691
418925
764068
319867
232443
671589
544037
206007
13678
218067
694431
389909
968325
928959
929065
295379
153817
291713
936349
636294
455076
511037
916146
585731
261075
999963
205962
8805
908797
950685
494420
810138
633244
561973
827985
287725
548329
