100
1000000
616183
887184
551965
721877
463100
555710
984409
465642
246699
86253
607286
938287
425092
347242
873331
904443
599642
213189
670443
421439
744609
755594
773246
438158
819844
262007
331644
987918
502404
177763
273360
136808
187999
143992
303100
943610
859461
665891
517907
563404
896987
586802
526424
284212
413667
466535
359224
724483
239876
166444
387987
638963
251374
429137
933258
781460
338516
7282
233664
55263
947751
943853
973890
745420
791629
935224
624358
971824
19835
318899
432511
628043
871292
119260
23713
978019
586181
757560
219232
771291
146739
486492
859424
207074
237029
345032
132141
328528
664363
445822
149555
460780
368885
705249
291026
119721
62851
705450
135256
413349
