100
1000000
993817
912918
86511
584711
102143
659318
426311
801711
48170
939575
892057
921820
230307
140605
233173
653566
358467
721876
322806
442191
94928
789384
991557
36191
85628
199821
818803
49283
774280
846328
856496
583728
751999
114151
136314
458506
36777
362671
468227
94626
599963
689699
477069
649871
661030
164593
43384
566598
757241
178661
315823
298732
361442
554485
244582
617875
869061
580207
148862
563526
104483
190497
176024
798649
107336
102817
636138
859404
850813
835776
102810
546628
717014
185773
859665
496681
8397
918801
741597
790599
509754
146188
670853
312987
131779
96218
220265
455907
965084
767998
349417
678049
652670
259586
54239
375752
849199
399317
46534
499990
