800
1000000
557425
330701
62652
915909
243737
451809
529153
448223
389003
95273
581075
188726
508432
909804
41777
286251
768243
716153
799348
715797
489729
519752
686141
917878
209504
753220
953808
460606
312318
422602
177125
422283
831938
136851
14620
138582
875929
836997
629969
935931
271779
409599
735409
481489
454663
268505
156811
420171
321248
419580
539869
40447
759269
485020
317773
813167
829247
656989
342993
781505
122531
574752
649265
945076
648980
675157
654603
977652
717923
653191
742142
845375
667673
287541
562816
151187
971678
35477
592397
321247
203538
482059
445110
70346
578437
940560
197021
935932
305148
244186
504651
54098
780634
43571
617701
765942
738360
730199
479531
89013
821764
442803
985012
566057
695977
481992
122571
512111
733699
857709
165755
221000
515256
624864
299354
263591
868207
124325
66092
612704
938474
239678
802137
963357
832830
304526
793148
282070
701657
350810
227301
315239
741270
975513
147726
514127
486665
221285
513994
592817
938451
515952
170792
725498
521769
896510
991626
210760
610408
455152
716393
283087
365888
188006
33869
635575
939156
201706
273654
132870
661631
538558
666821
139685
712696
717994
510520
867730
892313
460167
728984
152730
550325
956944
261891
113208
428084
486233
430726
214010
153390
127484
934815
360107
396355
829366
410866
779962
241648
105058
553387
622827
161641
186218
638048
390590
85402
553641
916014
552361
450007
380772
754565
948749
793545
575641
587704
882844
403264
787468
710277
116186
767684
956099
700029
340564
98063
725578
784286
80251
982505
317602
781429
394348
315055
266250
342025
195177
2511
752299
90501
476215
593263
143606
925417
251842
895324
747439
174937
551221
854838
711321
523755
379916
451674
470839
628768
165387
135333
136072
122970
836299
372252
732668
270558
350620
204667
269277
880926
183755
331578
189984
215229
15539
113937
888513
526422
613653
79040
610405
562142
701109
953219
250048
829536
416716
987252
261329
672121
829980
355533
143857
240974
855687
707905
741114
256045
828456
532112
892559
48086
943822
845252
818617
747698
749984
874139
985662
645199
883101
807389
97499
683504
279078
406115
290534
765929
166088
245487
571713
61820
244576
625996
31501
775114
595322
741134
388560
904436
21148
517276
978472
368047
724162
651938
385742
492946
447955
768151
536514
274645
472981
275556
218804
2630
143356
482945
677765
816218
924626
742290
145372
506531
344590
920930
907105
412503
553039
296429
782609
572348
651322
47713
702983
386598
388952
876466
404262
924836
301963
934335
124806
665472
876569
154375
593749
896340
861677
289252
528307
223702
425116
444074
319658
638139
450970
658333
580285
368089
909202
139261
750074
315252
893785
78060
14126
210805
621863
590752
372156
757351
413980
217055
817524
928748
434219
583498
233342
288454
759134
291117
793784
656731
165636
823423
370613
708042
880548
286908
688141
112194
418308
94250
744211
646263
548377
279447
320483
299062
380156
994460
242215
765875
530785
878582
415880
888436
349969
414552
572389
533582
216030
89576
74350
123747
988660
164751
107703
533437
806388
122976
71241
348055
550584
413326
1936
544934
462826
938915
429652
501121
598791
845672
141759
858488
29319
561016
956288
183932
958137
704310
751724
550915
215729
445030
682171
138324
910155
119969
718540
693608
368146
437392
399592
239363
883593
393893
951058
716040
205597
108830
736733
348135
144522
141545
342373
397254
152037
498194
461344
622604
239930
457851
150439
208008
142510
551659
954898
134204
198690
514149
863608
976220
32413
792456
48619
887800
743833
246995
867504
98366
988744
6292
662799
592696
20005
48980
479625
769508
492256
977608
940797
782334
590038
621724
168103
954578
829414
561840
819144
130339
704532
401189
20995
73602
203072
628830
225141
60578
98339
215480
782545
623503
840761
662556
343372
998876
817892
85287
22800
209147
729512
52318
642530
864052
833242
327115
256995
706284
856102
360558
603963
645929
438746
369472
81112
529041
81648
102451
343348
167982
696286
942162
640024
224630
29435
822442
566905
382263
424940
548843
994621
867920
614906
502866
553534
794278
491010
383009
204327
978522
96700
589821
104322
865460
402304
97538
191426
933067
777657
171443
650779
490903
460587
87986
703581
95308
734695
93750
963251
900001
976109
199762
940977
136713
206459
49190
150887
577662
298103
19352
664473
270214
517653
923074
894582
53746
665179
159740
851181
369748
668962
933036
104293
658384
129500
200193
213878
198263
971468
346672
442147
590832
58662
190556
150653
216842
354464
812535
402728
899522
969173
880221
941194
697592
225581
589613
891972
220965
695451
81915
256132
112970
12123
210473
496053
375152
148224
830484
295831
24183
762525
363212
881684
165130
166269
246800
125051
941340
436833
27375
19236
978382
215369
266981
19864
877993
765122
148999
170068
37698
938406
647043
893262
572734
802746
389931
829497
399163
810505
903181
115831
600500
561338
736591
66790
44944
403111
97797
297920
846248
344456
3318
953603
668512
10932
631454
849699
63645
666792
515471
22267
999971
645641
450914
385518
491443
885838
507432
945318
769137
650233
333398
288974
750185
924926
20671
877700
654037
437973
157238
5084
491902
716544
337027
153015
812468
109805
319082
875980
525455
244829
232364
275262
844292
954160
707790
586530
390189
316156
585757
397439
282099
83050
895195
536285
600531
436713
129361
728438
957921
708356
453873
704163
34222
425989
374128
559627
843629
812226
562090
822284
186802
645052
996517
852525
212690
215483
306072
925343
265043
968560
221358
578988
220918
297944
339751
591946
341948
879374
