10000
100000
81029
23019
80409
20649
27698
36845
84812
18630
5731
47666
83946
52793
26791
42428
24913
61356
96036
42139
25994
48678
80072
69531
39288
96668
30940
45804
73710
25566
74812
22095
81209
24640
56960
6909
93528
93013
45637
59455
59445
53537
36619
80600
73143
28553
67493
48147
3212
95353
46145
11177
28751
71303
21464
79391
64146
13835
75919
17722
7312
58888
99471
83899
77549
62904
12174
27246
18609
58076
38859
648
30199
78349
3471
24490
56857
64504
2882
81244
6961
10691
40454
12523
96647
71900
48115
36539
13483
12102
2418
3280
72961
36180
44800
57123
97243
15278
49190
82176
80054
84813
41142
64348
14201
67152
61839
15941
48954
46852
87572
73509
13331
5333
60751
97810
88339
4012
61995
75830
36292
90169
54552
49223
98571
88188
62035
70905
54518
30328
98426
22154
93650
75812
55290
6211
90967
64768
65320
71231
90838
54426
3626
5360
98823
89014
58570
89772
52741
61872
2508
91713
94396
38611
19444
28887
91602
23484
1391
38999
66493
67654
8142
43783
70568
37679
96197
5593
9532
85280
61742
36410
61707
85330
9871
34070
52647
38024
57632
88597
45534
63311
2056
22698
82075
50908
35925
4808
61805
67621
73886
501
79062
65182
59381
8668
46370
76450
58916
62530
20579
35578
14357
62394
13808
8607
16213
46986
15098
74996
81287
3268
70661
57673
66609
60836
70698
59487
28216
16309
68984
27297
38147
85567
17768
31446
5908
87262
35010
18001
11725
19705
33571
63883
48032
5065
32688
40899
82957
39753
40938
73687
4952
7917
46841
58718
81268
86186
78351
96753
64628
92104
95742
79514
12233
6137
63684
62875
39155
27711
7843
53457
14191
9421
98874
33291
20441
50369
22447
48107
45121
19538
87773
88767
33556
23169
99063
2540
40833
26290
64465
81124
41247
87895
45241
85736
10451
71658
54295
86077
78158
49705
97624
9604
60238
25577
14890
20304
18257
64412
15997
72050
61754
33251
29432
10604
3981
22490
75098
30470
5371
40647
49445
28068
90628
48967
63956
31053
5169
29809
9371
25124
84504
63325
27513
44298
46216
20639
60187
38365
78342
68559
10312
82129
90248
20767
94348
45046
12502
63536
86999
96992
80778
30180
59302
86140
15488
97789
89424
88339
13636
32219
81849
93838
2268
12888
65081
66877
63962
27610
50622
86395
33937
39531
26682
51980
85661
93152
28934
18209
67230
44501
77605
2647
24351
71718
95275
98011
47395
46610
23001
7411
9797
25194
33714
13074
22956
45798
1311
83568
18870
7006
21477
22328
85860
34504
95968
61142
25029
35880
85964
6262
65551
85460
12045
51952
75348
77459
28468
86508
30460
35055
27618
29192
61107
65434
36874
53009
75445
6394
54606
67899
72959
18829
34584
61644
98688
41203
68857
21711
56684
37062
37950
90208
96569
34724
94243
36300
10562
79448
19473
65649
30026
92727
50528
24868
90353
60765
99041
425
40927
54793
99786
56108
12933
19537
10453
905
21956
53005
51112
30004
74570
40665
15523
35678
68549
182
8420
41877
24880
39050
63003
76676
66367
26798
71070
60052
62466
35851
14609
50992
92849
10742
22100
67557
43255
84018
85404
66292
36346
69033
63831
43219
17557
24735
70811
97706
61356
5650
85603
82570
36854
81421
57517
49092
73370
34615
73414
83941
96337
22925
40535
26557
61853
22465
96225
50137
4208
52563
93695
87138
24876
19252
28696
81092
93763
4619
65819
50521
3896
72220
95119
57879
19266
54978
99851
86694
82232
41291
44318
43475
1636
77507
97214
17427
25722
60510
90270
50681
14965
2838
74648
94466
69094
14574
78230
52561
29866
61191
85803
42331
76559
24608
61110
35822
54694
15880
4847
78612
30151
62306
95883
22504
40629
19127
94362
49656
24315
36594
94782
10373
41651
46856
4782
44519
70270
21945
91052
7422
45421
94071
77657
75104
38662
22498
4031
60852
16081
37489
49984
35340
94017
91102
13308
5938
14991
97051
81892
77326
99513
47457
76748
85159
90416
52952
54940
67301
95585
64454
52127
12993
52178
99848
13285
9359
80885
16893
7151
86762
72297
44855
45000
49773
49100
11684
27639
68917
77625
80999
25796
99836
60158
43703
58601
91158
25493
92755
72417
40108
49325
46422
38021
55774
78396
75306
77984
93949
2718
31463
8066
34597
18708
74177
26530
83242
52748
36215
13526
90965
69475
76872
9019
4188
71997
23653
22222
75070
12273
13157
88091
86065
69069
3503
27158
68103
18162
45642
83820
20843
14900
68891
15194
75565
32743
57286
77728
76551
53071
67616
11980
95151
81350
67470
57343
32269
72622
52189
37943
9588
85366
33290
48551
97661
46885
77782
35072
79822
5705
17693
8009
4917
66859
42220
49284
38946
54459
31109
72898
86007
22640
87160
78121
12252
40730
78221
90264
73135
11409
4603
18555
13805
41667
66499
73224
85283
75516
17872
74659
94932
14716
58154
56295
88732
99158
31202
9917
45002
92109
72148
47124
44461
17172
67073
53934
69909
23592
67897
96869
80303
14464
35444
98307
98630
58426
67310
36507
50754
19577
4012
41432
93255
82660
96806
51329
72327
20930
63647
67014
62888
52706
55950
90898
47341
59225
8131
66026
6792
91221
44341
36718
14028
74561
72368
36914
37192
36312
3407
74895
85864
11743
98164
23779
57097
60094
54735
46050
67999
12324
21766
77334
93560
97592
41577
69750
63685
46888
2258
48376
11756
52026
5186
65720
8594
66085
34981
48559
60254
67481
52603
19108
95909
73939
19111
38209
22902
84986
97555
62058
80088
51947
73526
25982
77691
23001
81086
68873
72179
87473
20121
90090
88002
48359
3583
87015
64596
84972
78694
55895
76622
28640
24813
51223
48225
63537
42554
89614
57920
82026
13631
53000
9765
69301
28989
92914
28573
65631
53994
62758
22191
56206
23730
8157
42240
68332
38920
26851
66226
13653
63562
69054
18555
99116
9025
86799
45720
44540
26213
56517
61859
86949
17303
92946
84816
22228
21667
44438
90034
33204
26755
9818
19807
79919
4035
45198
98844
82630
72543
35462
23560
10991
48137
89647
12174
3919
45277
82012
25415
83781
59919
1328
93551
95847
77107
89765
14427
99351
14866
49716
19342
60036
37231
72019
38864
45741
43527
92226
39018
6330
68482
12948
39840
27228
8316
39766
72876
81813
21624
65775
81975
72108
40717
5600
22611
39485
68998
23508
68967
47514
33033
22275
95123
87605
4165
59509
56988
34788
3827
36395
64952
85715
59174
60157
3761
43921
81185
15994
25740
78379
96115
96877
16243
70579
72959
30278
6095
82621
54574
9786
84778
24224
18108
86504
50263
70112
61654
245
16627
80858
38294
33758
88984
10096
36183
54558
6756
38889
33872
68405
50938
64082
43763
46103
8781
81654
93407
959
90162
48318
84295
88148
93956
75094
10864
69161
29823
5053
18621
34625
11087
54118
29614
7018
47759
48620
65922
51123
85279
76148
57387
4568
54149
77340
28520
3369
18400
45382
21324
18140
36733
67264
25711
35460
79137
36283
57265
15877
73950
88781
43290
35115
95567
69801
52406
68280
41390
12094
30382
8207
88096
20857
85478
18550
61962
92585
248
9847
5695
60598
33579
92476
75154
52088
16681
4284
53285
61935
39803
32659
25781
97077
72654
50877
23195
21890
60811
66812
97618
39796
92846
38424
68564
79260
38473
44924
42293
13335
16691
15099
81584
31110
64738
5033
78851
96673
43594
86258
64471
76625
33853
52394
64361
90712
46952
77400
6061
41816
1095
61791
60972
11296
88618
84531
1918
63623
92130
37768
49791
90257
90451
59198
80840
36894
32166
92540
66995
478
44599
472
25665
52797
89019
26354
62549
46016
69141
51128
1255
82147
49247
20062
6931
83269
40742
20298
27557
82178
71484
74672
96252
64234
60956
79865
60628
30281
86124
57645
31161
17849
37818
6853
69519
13209
35479
40698
69926
10442
89364
69089
21901
25277
73573
38890
81078
51311
727
76397
16329
54067
69695
85743
46023
34434
91436
44592
24038
57154
84865
4169
86986
32337
74576
44534
28148
58370
15335
57978
20710
83137
14431
33523
73189
17123
22296
93715
63270
36760
14269
91275
62816
49278
91895
7602
36419
51371
90896
7774
68621
3133
94731
97358
50832
56018
17620
95244
37921
18983
38962
83642
66664
20502
42284
21512
13416
25809
36156
10903
56789
98506
11974
87032
2620
53591
24036
62399
23127
34979
61084
92839
59928
64773
15256
49140
41443
53805
44345
71679
69242
33389
66353
57536
35005
66766
21473
79609
40017
25365
86002
65504
2507
69813
25078
70306
54644
58515
26738
61805
50623
17669
68472
99371
30038
45749
29257
28373
6608
92765
75012
30883
81339
50004
13465
70411
11317
9544
35630
43466
602
4413
35394
4003
18045
20134
26173
58144
88384
76236
54136
36025
47576
12404
41218
35248
1099
78055
77935
96108
74821
16437
25974
12630
2044
54765
83574
5426
47457
60411
12938
82464
28989
99862
28200
92076
61934
41922
94930
28888
16209
79550
97730
87798
47259
5761
91148
73761
33859
68185
60973
65833
31939
44149
87896
2797
32584
23567
23613
4652
94469
60463
60607
69341
6242
55596
1191
87340
22772
62457
8816
98048
10647
66813
55228
71401
32964
75999
60725
35751
1206
68336
61633
88736
22843
95331
28984
21750
77362
99707
5529
60572
60493
10886
24344
74820
46705
6167
21642
37114
33390
80652
58825
19187
46671
51875
24397
96655
8407
36122
95020
96733
86699
72591
96852
63951
78101
38836
23197
37715
98743
96327
32623
32593
93674
28523
72829
87243
9036
85487
49930
1164
10005
28874
90195
9794
68986
79026
21911
57924
93140
1952
38687
19028
8103
38114
92342
73817
65623
67251
3481
5165
96839
23850
70901
88543
90073
26438
7184
57191
32243
60521
27127
99464
16387
59763
68130
2166
84311
62936
27198
88125
42961
85188
57935
8889
65929
31340
82688
44132
67326
96219
39983
28192
14297
42427
5425
71175
26579
19484
95448
67120
96720
89973
87603
84947
53014
58043
68526
19287
78663
53596
51286
37728
95325
11478
87501
98633
16963
99167
36444
29402
80789
88752
43278
48890
66081
39375
21652
89678
18815
54869
32047
25990
10281
7982
96619
41260
71234
77341
93695
75706
59647
26260
30653
78761
39752
63482
2621
53767
72806
65148
6229
23102
45921
4547
92592
60733
94256
31621
11791
36171
4051
67724
22272
88889
19196
32813
12930
5515
12427
2006
13081
3417
23740
96387
46072
33815
13240
48942
16006
5118
23405
50682
3829
92922
96612
74304
89021
46954
47778
93140
6145
27215
49115
61666
91746
1666
44226
546
76377
16047
72162
33919
28988
2735
48570
59581
66462
30045
20673
93744
99809
5963
85593
21204
293
41028
37400
99044
33757
43923
87275
7400
29458
70313
83301
14367
20898
70557
41657
23771
20489
85166
89359
4316
67302
18180
10211
56531
17735
78177
80233
59986
32606
14157
76619
57380
51027
89313
45127
74421
31311
29527
14833
44800
82269
55413
56279
8119
4440
56818
89336
75276
10078
96909
60449
10601
93213
39350
25460
62959
76638
76511
93808
89048
71360
99262
12686
51294
45900
89649
95603
40042
17731
36546
28783
65116
47253
71417
21007
85404
35833
96349
97706
96739
3837
29797
78534
78161
51937
26805
19127
4553
89611
39922
42402
69651
48400
74675
32488
27642
84330
59143
15261
53781
13832
91038
3484
44936
20570
47678
41642
29454
16764
44326
45844
32421
41940
4590
97546
47189
34440
62943
16316
96914
16625
53869
6550
30933
93389
54758
45740
89923
75393
40393
57823
91098
3412
75712
94110
30108
68216
20510
26445
69822
91618
44830
42491
87858
58637
57034
21409
84490
68158
27880
59715
10495
36
53396
11720
60505
80301
36967
6719
91629
62915
86737
5957
69353
36478
18310
66432
13176
7367
24688
85696
12949
6949
25474
12089
13548
19853
35623
18198
20308
32724
327
51877
60543
58427
27136
98732
47527
99390
8981
12793
32441
75568
72511
97935
97125
57467
4984
51607
35826
12730
9953
14605
97728
95954
17035
5818
13649
85784
24349
59302
10134
687
83474
22509
22042
5463
46315
19160
50766
54165
80830
27963
79414
1971
28300
79297
48524
58472
18678
25961
16324
47885
82516
1216
76069
87948
98078
37632
79663
98497
90454
83577
21530
3237
55861
20753
69651
93732
18755
55748
91669
83361
42023
31391
13172
90790
1194
79512
62514
57459
2501
15775
1958
21641
71563
59325
18471
42830
64589
45288
49134
94526
57190
86515
45938
20924
47264
32473
42648
83595
67880
67819
72426
7913
43680
90941
99101
75827
40043
13632
67222
1495
48114
27069
46482
69375
20758
86382
44583
10564
24605
76389
89335
42472
1565
34398
35501
99387
39571
22543
34871
37035
36720
61682
19038
2929
5659
61711
83535
26127
5705
8960
29261
94968
9102
388
12552
59387
4746
46410
78772
15644
17836
99413
5962
5595
77105
3461
64878
90069
92660
2127
9658
36504
16912
86047
49381
94660
48685
9570
14953
21070
6308
56702
28040
52811
39357
90589
99175
24241
70658
77906
30692
66572
60303
39751
76824
29420
61601
44051
18062
15947
95281
20966
39792
28768
2707
52430
66275
82475
51478
59692
90168
50472
57498
88635
55088
78723
56454
71621
94143
17119
4615
26759
845
90328
13960
40744
10535
54326
29868
69787
193
62248
40930
84667
72437
93759
69970
80567
75550
85835
32884
70089
25517
39678
67695
78762
38363
68391
30033
66316
51480
93164
23230
4156
11154
91844
81326
49713
30206
53152
51494
71721
74378
92178
28734
96983
19085
38419
80191
68824
29111
16261
59003
30152
53056
99664
48347
69974
91574
37718
95175
1169
93878
15830
90115
69492
60524
38477
25113
28999
82133
93787
13600
57497
23506
87639
89324
27099
70491
15550
9480
89604
93004
74312
75317
84180
41748
2136
49183
25710
88493
76039
90782
86129
40145
88228
57384
38282
5410
69477
12856
91995
69493
26773
68588
15515
37062
14955
35719
1921
36623
67661
2578
9760
40486
71552
63819
79920
43657
79621
18469
6616
62275
24346
22959
19379
57640
9476
32154
15070
65386
30469
86539
64183
11035
97900
6899
4085
22949
15594
39201
23356
11595
95815
51857
36006
70088
77528
25143
42098
65135
50571
88258
72207
29772
78514
53385
17122
39719
56045
68053
51341
53707
32914
57229
69169
24767
85804
54765
65590
44299
21890
30195
10601
63613
53477
1326
85323
48683
91740
85694
70957
63021
69457
84649
7528
40850
17518
12702
68369
8174
88105
81722
28426
32879
38593
24699
39716
36650
64567
96963
65648
81291
97768
24150
67425
49915
65361
75633
80373
79551
40614
29773
65791
65825
1869
63037
74809
52708
56660
38884
14721
40675
80878
94318
65420
95223
69072
22062
53784
14294
91312
24570
57271
17970
4461
72415
74460
56715
71281
34070
69908
95445
99474
56710
73482
19924
24611
68368
90132
29189
25790
40625
55157
23211
80980
98019
52084
68444
40176
85396
95558
25640
18799
7715
70024
54060
91241
38120
6476
64138
94993
49578
74180
76663
39517
62991
62031
60749
50803
20393
25085
65102
72527
85712
75817
27534
87771
47529
6763
46195
21465
48375
41491
22658
33029
93334
24185
41782
11133
97053
74678
36169
38048
12749
55351
94105
99782
49384
19097
8982
79973
23922
33426
35534
90486
14404
4786
13595
59702
76579
59290
43643
20702
61899
71332
50040
15835
27925
69906
47669
61644
63542
93982
35590
98636
60831
12902
77348
84125
53076
75531
91744
73159
4079
2744
70170
72497
77814
91883
56992
45666
39435
58898
78040
93330
38720
4167
78883
32483
5301
51376
39385
50483
41329
75304
63922
15436
31730
4048
7707
83194
4793
53911
88787
53006
66553
31114
52606
88828
1287
13444
1405
41340
77396
7131
74282
76941
23071
59451
65391
44270
39342
95974
97540
86285
99454
42845
26368
36463
43018
89140
36305
21395
10934
42079
3685
28861
82856
28763
44669
90409
72777
2107
36043
70537
10304
15755
95483
50752
85300
43043
34557
46119
61752
28438
52505
94331
73132
76377
21751
12914
95933
2083
27135
28871
60700
91670
60025
46873
573
44727
35731
37055
56226
1597
98082
91551
53046
89665
98535
20075
41492
58243
88860
29180
44811
10017
46232
57272
89629
78525
57460
18017
4384
45743
25133
38473
58218
41655
22601
65092
78616
18510
17024
50686
29948
46512
107
28507
57055
34799
14680
25791
98101
41824
41956
68426
49131
2637
19065
80855
19146
67055
89388
90880
48955
12355
49236
7729
79678
66873
43602
53562
47483
56748
80961
93552
49999
67107
82554
27708
76817
91044
55072
78821
21581
25073
77366
35248
96406
58059
21562
84640
50694
92158
86873
5338
55910
28938
10457
65822
55454
51563
33806
19423
94506
34867
45449
71457
38565
19081
91151
38979
61375
90150
41345
19601
33012
19819
32173
35059
67169
32037
51309
17726
92975
78737
22643
63797
1197
27699
54944
85559
77238
87904
58771
57009
74107
23742
3205
61975
97335
38360
79360
22023
70830
38638
61180
2555
27728
29473
5706
69885
23546
23482
14735
99473
261
93689
87755
16086
39448
41450
32052
80348
30167
99549
60024
22940
43054
41358
96076
67682
45881
20884
35817
77758
17848
25710
48873
5562
19950
85062
93240
25968
57009
38620
13930
85226
23271
38192
31536
3306
57988
24012
87406
26162
49950
90158
1256
36226
20711
29473
14350
94372
85040
27391
36776
4674
34164
56161
90895
64439
12413
6264
44679
86360
61129
80154
58462
57034
85051
64990
26525
26670
55835
95631
80970
8522
5003
16933
39511
3361
74295
55273
21077
54282
85287
13203
23546
80175
62082
8287
56465
32401
90991
87441
48253
68522
29332
61421
2192
39377
81852
20679
58414
41361
47709
13381
30110
94463
3571
89158
21378
68423
29128
38037
1384
94313
120
83009
4939
66930
70984
16797
53117
64546
44332
8679
39209
86922
77651
45553
5092
39885
9013
12989
40991
75369
93028
66581
77663
29509
25860
91727
4181
88170
3894
793
36791
49257
4436
70654
84704
44216
98830
80722
7258
27318
8485
71818
33499
40632
92480
9642
20059
15063
11835
3074
56079
73347
49920
97203
85003
59644
81167
33688
2176
32137
70889
46981
4527
20012
57909
43921
13974
64273
18664
96324
69743
32984
36525
61492
86475
25926
3332
33891
4733
61013
61459
22794
18481
65456
54221
45279
50107
78288
90006
21767
57733
7735
41275
62114
1848
76814
93372
34317
68704
33643
30118
15010
46440
99109
93190
31159
76578
73877
80586
15785
58314
29158
55753
16999
65917
61211
23483
19316
50623
98266
91241
58915
37537
10350
75338
40433
95352
87453
30193
91858
52116
19526
75912
26238
53791
33023
74500
14142
14032
12957
58244
9240
83378
66960
45181
10817
73967
68329
85976
91701
11932
48782
74210
67833
53773
98439
17738
36573
95295
70496
12654
64856
22135
81122
83366
65429
99385
41296
52393
59657
74532
56630
81690
88773
72691
83649
83688
1939
96014
36580
34690
19117
220
97393
35857
39514
10319
93624
57766
42220
54910
73513
73332
4701
43837
25979
30895
46878
87520
64214
44353
93855
57938
15956
80433
38656
21029
40940
4578
77902
28185
26631
6343
87949
40541
96979
62862
6774
73940
5799
14595
87774
94719
76299
21476
95648
66884
91344
39519
21664
49772
35248
8035
5854
71966
37182
65873
67077
61994
68760
21390
58375
99291
3894
85383
84695
59883
57718
38765
42791
70476
83217
47533
69003
51856
19092
56389
9602
27971
50509
89364
60556
561
65524
60900
58774
40877
64344
54045
45304
29827
5970
53783
62445
85768
57375
32991
91375
55238
44058
76101
84637
6034
87595
91284
98710
54375
55803
5801
85903
78263
44156
61167
61930
17714
53304
24838
25773
39174
26866
13378
71840
46226
66082
78406
903
51621
43523
41085
5947
86664
96690
73525
81814
13182
94211
16191
83391
20573
32233
89253
36113
35838
36709
2779
84674
48038
18451
95799
51080
50286
52151
37449
61586
32167
27992
4786
93525
13364
55073
11325
87708
95353
79518
97940
69789
22136
16996
13502
24892
83306
89297
6476
73796
63131
97679
20672
6100
37879
61906
38426
36035
50266
3185
42734
60000
44712
51692
76201
11362
29961
14898
59119
27712
46701
51635
91632
68530
56957
58639
5612
47074
39300
91248
50765
69310
69371
8013
96437
4854
88694
50156
5675
50118
16479
41133
91366
82261
38834
19000
95560
44023
17766
94855
42620
44175
98368
64295
4390
6042
56737
85680
81326
47470
23475
78899
47365
29587
38024
91440
28293
68827
37616
24714
83454
66989
61293
12934
38884
77421
54225
99280
76286
91960
90468
59633
16739
2889
93348
82885
50644
66897
21793
28608
56109
73947
8253
47845
16842
2919
79236
70820
97589
28063
63018
36584
60244
25522
90772
63904
6992
17574
27120
40164
18187
83753
24032
35600
12139
62629
78037
33896
91585
65778
84859
6963
57340
26362
27884
51687
63470
8745
7275
49492
60310
12672
15083
5739
21732
15838
88368
75328
81307
12010
27109
83276
8342
18396
46635
4652
39249
45566
45296
76900
42303
46005
7277
79426
34566
83229
27753
30252
88602
92436
42966
17618
63575
35737
71368
5591
70439
90342
23609
27060
34121
46380
18954
4954
46978
32582
53615
23058
17260
32675
2519
1518
3907
3076
187
18923
94758
53375
38702
62819
29056
5078
41141
83539
87150
1226
17370
72464
70349
99758
85794
85122
72145
46850
49406
81973
98347
92987
47407
65312
28133
84144
64699
49395
20662
33200
70718
12722
62561
52597
76347
46340
20490
8258
43075
30112
9943
36904
52095
40068
16536
54165
42684
14301
9273
69267
59023
82267
66606
13556
2486
92975
95603
84789
72496
61173
62112
6834
93184
87526
65551
5331
65390
98663
85780
3853
53930
96066
1513
52238
18622
98970
29798
9031
24191
15743
64327
13317
18983
80653
96696
97791
55310
48528
89178
14460
35299
48463
30212
67215
5270
59577
44489
71304
88939
86753
48402
88807
45193
82344
38573
21313
59671
81068
76278
76245
31072
89557
83818
61685
92902
99551
223
6029
19257
74217
53152
43452
99300
90816
91454
53898
29226
9749
88571
97196
62823
79917
70809
34925
82122
83457
46494
90738
98167
69061
12102
60161
68617
22408
89695
44213
23651
74711
6332
47734
24574
55900
60598
52916
40552
57701
34001
51289
18057
83647
95689
93305
34910
28025
17811
93652
76184
43825
65808
12557
42811
30926
53000
18623
5346
116
52102
27066
45172
45930
37591
98781
83310
91898
92383
80268
83041
55470
49811
62182
26719
16705
57676
35200
9420
64736
44952
25859
62497
39127
43711
2162
18640
79388
68940
49008
56694
45254
87128
26885
19295
72780
10866
43738
79263
86837
41161
89600
41751
99338
41766
6293
8302
84285
70568
90387
96245
35715
11891
56634
2274
82652
50571
21197
22600
56391
3753
99256
93709
79746
79567
49953
97553
75328
63204
43151
82918
70502
40386
67091
90728
10348
55806
43796
35230
76771
69854
69964
85264
51860
20780
55058
10260
56642
21428
85477
4108
42575
19768
3907
76736
12461
30667
56352
7999
99858
2706
25836
91392
41681
18311
41414
56152
37353
38053
23858
45446
99671
90729
5286
45659
67524
79642
38996
7177
68640
22498
97889
70619
91745
67432
45138
14115
51818
30884
49124
67022
9595
84413
6155
93373
37012
76993
29150
34397
3980
16941
58172
13608
98710
53351
49624
50231
83734
90753
4883
97163
32844
42680
6308
18194
90346
79947
38795
45869
43377
57640
88431
16166
430
11179
26309
59060
24834
96297
5196
35101
80607
10345
19497
47278
9932
73092
4821
24719
76421
64016
82503
70216
76444
10057
86506
87065
41932
92896
45430
52397
32438
98072
30716
83943
41635
59553
23616
55109
24030
62901
98176
49233
81337
57711
65187
8112
34795
95793
72959
22112
49636
55346
14783
29633
70980
33401
50060
42203
76645
88870
6336
88161
51642
96789
92861
72651
41595
30658
22802
84569
47879
24296
10850
42156
85965
77184
85731
58055
40271
58019
33012
21971
13774
30042
62569
44452
88682
68676
77267
78882
85681
67099
4581
40386
33565
28624
41350
70189
38525
26066
53284
51828
72904
67796
65524
71697
86958
47738
78287
30532
83941
72312
42511
54740
88801
51173
34419
26896
83824
10544
75047
53248
80766
38082
51045
12744
48317
96391
6428
86877
16192
48684
91455
52551
32713
24537
74463
31212
61420
16300
45215
26634
64092
37444
64205
51066
32468
92949
41382
34809
99065
8867
59859
37883
78630
43211
95454
34046
66139
53635
21259
17268
44642
28626
27967
88625
36854
98482
35299
17651
68072
29889
17615
36318
94819
73671
17717
16113
93545
79110
76787
99103
96802
10211
65611
2373
10475
99408
62415
91938
45003
52389
86089
26967
45921
74097
60023
8096
14661
20426
51439
24628
69220
92733
3861
84590
6119
82991
56205
28882
90034
46294
21027
76196
15515
24351
76564
18874
56454
68744
12452
91588
43207
15924
57407
64448
84794
47266
8652
70114
84098
27001
77481
60484
77727
48407
63135
2703
68991
34391
68025
66523
12395
32424
71344
25453
51118
15774
85252
92679
5136
53078
28040
39380
56973
36509
62101
97867
84472
65153
61005
34871
45610
64675
89619
91353
28991
86957
3965
24345
45531
74106
3389
53653
51771
90083
96615
11632
63299
20184
75383
17783
37988
13677
24641
51603
83045
98159
36621
76882
67334
25500
37630
78549
972
18762
81053
9233
77910
77032
7756
6830
64030
60871
26027
36675
53207
24895
17135
32320
6878
86003
29753
57449
38837
15852
86741
88146
6289
24392
91139
19469
20649
57656
84767
33252
97132
67421
82403
25046
20864
23010
77330
77291
19076
26176
89844
83091
93874
58901
9404
70376
88146
40880
63159
49779
28352
98581
28879
11184
12286
50983
98710
23734
87297
98451
91623
51954
95062
60664
7119
86712
42678
47128
10456
3873
96646
59519
40581
5818
86294
18942
35913
71375
46216
83190
80302
38274
23511
69143
81690
68876
24933
23716
9429
4737
81493
93079
32667
98441
63605
24356
21885
22207
88600
96613
98392
91918
24206
18658
42479
12509
6559
50034
99927
46046
59374
98539
58705
27403
22076
22743
2936
4051
69042
21140
89595
56302
29513
20975
34907
62247
98323
89222
42036
7636
61275
75807
49412
5165
45809
64871
29934
79865
47555
53748
25271
97716
76420
1272
56618
63173
12067
87145
13539
87901
57933
2321
85867
37836
35410
46692
70181
98599
65342
44849
51965
60296
42713
3299
37347
11935
22194
23203
84161
52953
97185
51592
61115
74749
73020
969
45930
38690
6228
92295
58621
78674
6034
79598
14430
86145
71742
95783
72439
93360
70206
18691
50536
56744
41265
94054
75117
56325
55879
67723
34851
69522
41592
73385
11760
47988
33053
93958
70078
24727
1510
64956
93537
5365
66480
16335
75147
52250
95293
55681
80028
52965
51716
80072
21487
75864
63596
66538
13271
54398
41265
31778
86833
9320
93381
70640
91422
13200
54958
79812
26959
25293
63534
48333
94909
76404
93710
49675
90728
63205
87795
1573
2980
19370
785
69191
28850
66929
11654
74852
63515
15377
39727
43249
71735
68410
44841
54939
4018
18511
83083
2856
76839
58196
36069
46703
96664
13353
31063
38296
70884
8911
21651
47282
15294
9986
4281
51126
37353
42673
4647
65858
47252
87833
79717
84798
24642
58486
46170
61316
47951
16853
64029
18670
75263
60611
75504
95046
51064
9592
23376
35164
1489
53935
50657
21147
72222
82623
13879
94834
57836
97355
26012
61308
69115
30880
81859
79129
85758
31192
8696
36634
45895
43403
28002
85594
30965
19647
10320
53670
14749
14014
54585
85284
58741
74325
25728
66898
52555
25435
39904
77162
17656
49825
95392
64974
15507
10363
9048
99241
27064
27433
33098
52963
99580
18024
95161
81229
88781
27912
25562
27841
59763
39716
10318
48457
48321
19425
35616
69540
25910
71856
70180
11846
56101
11591
65604
94777
78126
20052
41546
3678
3981
51697
62633
45959
69578
72708
6960
43946
37553
64079
72313
12416
9599
97688
65496
47036
69554
98694
72635
6228
45009
40545
13881
3513
44799
79885
44613
39914
2513
27831
77081
96784
32028
71368
61353
78246
80085
4015
82501
39384
43046
98457
2166
61467
224
55507
96928
38673
4567
93522
23384
22148
62971
325
70374
26693
33128
55729
42508
42988
61576
46893
55944
13962
88482
41045
17333
27792
48712
50517
99880
51959
5854
23549
26695
82910
66123
21028
20912
14080
32454
94044
84469
31392
75593
60126
23070
29813
18625
87003
43469
7138
54131
31927
11088
31920
39040
51856
70892
1286
41264
95238
2534
1364
44311
9628
1933
58137
51328
51073
55828
19778
68429
60960
3226
42845
88636
83927
58270
64209
42399
36512
2746
28166
28436
312
43222
3931
89478
5774
67814
72524
51531
93096
30589
84077
2402
85295
37837
86645
45457
85127
9742
5855
27995
12347
43442
11054
10112
30695
9013
38123
9538
75047
68625
51669
30728
78310
20914
20084
62311
14937
37570
45778
6067
23343
77209
39859
82672
43051
32767
55661
44746
4025
92997
98715
16095
35481
76081
12116
67566
19329
23924
95715
34523
99459
29407
55163
78752
72254
5684
92541
98453
25961
96546
44185
93980
67010
69942
43264
4137
69861
32955
34773
38087
13644
55815
98837
41279
23649
95004
44549
50364
18599
61060
21059
11632
75720
85374
55216
60305
64738
2105
65784
83880
69257
76259
23118
21714
9343
77068
20139
85194
2721
16981
95561
18062
53598
50893
3526
54861
37965
57691
55177
76977
62090
6760
67152
10357
6991
45769
39576
56763
35817
32899
51878
1284
33349
76584
8569
92838
67249
38947
89132
51531
9224
5242
56223
16978
30926
21001
54666
15080
94192
50968
90006
87265
88140
19493
9914
95811
26688
50764
24298
91622
9188
39032
90717
6739
64190
43976
60529
12826
41735
24366
28189
69037
93127
94426
51206
67902
78784
11581
11478
76259
74550
81724
70103
59765
4786
98702
27197
74136
16551
18431
35877
4029
23388
4820
35285
31359
89475
74692
61361
18847
95350
11888
66065
1713
24918
16986
25830
90696
40136
8341
48268
2967
64541
92637
92476
53973
79700
78656
2784
62918
49707
16720
18371
47320
27982
8015
61902
7959
67963
43010
29186
34548
54628
96199
98824
94579
97380
25610
55927
3053
76448
99857
77188
9179
14758
2896
55951
77631
55136
47294
55395
86593
58737
60428
65535
12555
4759
94914
5486
22712
63790
54462
56257
49836
37526
19453
31343
81590
6159
2698
92458
56533
1376
65167
95982
22434
27709
73926
12053
79012
87868
90076
92692
96860
28744
33174
77949
77050
13916
80447
19800
91814
45784
24043
72340
25671
5869
27627
43819
18542
55331
94830
31151
97595
39460
86371
60747
72997
69624
104
40885
64205
14130
58826
90280
18087
15419
34368
45144
77917
65256
73284
62710
63140
11787
79446
33092
23844
42788
51858
83269
40981
87969
72239
7125
53634
9813
86229
83683
8020
7281
24489
52004
39400
39561
65587
95716
17729
88106
51186
52734
10596
14378
25923
6440
42906
37963
89276
33443
61764
55166
14800
80035
47117
41705
13290
14520
44019
34815
90755
55848
30699
69816
79541
10302
78173
54145
1460
57504
1728
97870
55544
14545
52388
83865
9795
72820
47331
53125
16279
45968
92245
1072
61969
89290
5732
29302
13942
51129
16121
73803
16821
94910
64437
35541
52844
86887
13772
72153
80459
79110
34932
70562
26070
29740
10997
9480
15360
93546
79291
38040
95557
84274
8290
42212
18086
57540
89090
44217
22230
88020
6356
81762
84747
17906
42004
43762
77829
34958
56401
97081
8353
97957
86500
24887
95072
64952
98059
11354
77201
95432
29989
49754
37800
91373
72875
21362
68432
14127
30847
91170
97735
64172
26216
93018
55906
38989
19695
31593
49497
90685
35506
11597
76519
89433
314
15469
20518
61413
27680
90180
24126
10661
5604
70906
57502
53063
73738
64815
65190
87737
8964
41706
96054
6101
73304
29927
95316
92188
16492
95775
65141
99089
67060
92478
80785
95894
90388
919
83005
67080
39968
48400
54264
12044
78960
84041
26185
36309
3158
9817
58796
47898
53613
14765
78274
72487
67369
36569
59239
79157
78224
79490
90068
64922
45846
50553
65280
80670
61280
36899
7730
93764
49575
36404
35162
73269
66181
70933
50622
52617
62747
57015
54283
71489
80089
82250
45447
23807
11346
37437
7784
41934
66727
84179
48324
28542
62749
95645
91281
7064
53502
94190
11465
99263
19224
23713
28885
54160
28354
36895
76062
46419
93228
47894
92635
34241
46721
99589
98059
16960
77383
21131
42494
60690
74003
6358
38415
66795
47031
26511
31062
42360
13926
1760
74530
94486
58249
95177
42111
10926
98188
60098
14449
8444
29227
67218
57126
27243
37781
61302
20506
24899
17883
49047
68956
76487
61383
99433
74029
18894
33624
45783
86739
86828
91202
14825
37764
75586
46130
72162
1229
31417
31674
65889
97646
14107
79054
70475
4677
98443
71395
81572
90564
81258
1536
89070
84388
39027
23682
60518
49760
37296
55414
99914
34120
27721
56159
7923
24500
81086
81026
58744
52439
95378
84745
26104
55659
86879
29488
36314
22196
19154
32452
99805
13864
49980
74353
74264
90244
79411
78367
42254
31830
63581
60522
44112
91551
18288
47223
92974
87533
74008
53311
12899
86845
59705
14937
83388
19856
86669
75567
43991
7929
75559
30515
11203
83362
19950
45707
86566
29806
7891
79709
89617
73813
29334
54593
32288
13766
81772
40823
62350
81099
49004
44111
42695
90560
68694
8049
509
51196
23206
75364
75805
77808
85213
82731
22324
63814
24620
99360
65473
50787
36622
57949
1746
57355
82020
68081
31994
10732
40414
46802
56938
57842
64484
48836
27484
19795
89298
29802
34675
93445
94413
29784
44546
96798
38546
21742
31653
1247
86638
29505
41738
92925
27420
83453
18748
57898
35867
48532
64364
91499
69460
28827
59212
90792
99743
25720
64092
965
71381
2501
36850
51402
49789
87338
45930
35244
65368
28594
35167
57433
87480
1796
96059
583
64512
55879
33522
35405
47739
77872
69058
33044
76163
49800
11294
20330
37094
69348
38012
55778
32973
6694
76072
94123
78787
73935
36044
50220
26377
90646
56900
69362
62076
39388
42772
60343
52290
18332
28575
50077
18021
14689
94202
74124
3787
42266
58022
26171
68991
9199
19593
51342
70520
7831
88768
83138
24191
47664
33789
91876
29654
84483
4512
33712
18440
33968
38538
63609
38069
96522
37832
3083
16495
61521
11328
34118
60610
3827
15018
24326
30165
33180
85235
75255
94142
7927
53069
25681
20500
78583
48315
34784
72176
83824
49853
16324
82299
81792
16040
94200
59837
62933
33461
2277
33218
57138
55318
56881
73931
17548
61754
89084
54747
36156
63577
35707
87883
22221
88131
52907
57303
53498
31469
34290
6313
92435
34531
86673
66720
44721
42673
40949
19010
25973
37683
52920
54404
93832
89343
79584
69070
97370
59614
99977
58399
93491
6690
86574
94969
80834
78446
23118
67655
5755
55233
7856
31337
2034
478
77345
66744
36255
4233
35302
78186
44143
59592
73410
63300
59696
94808
26568
73374
58519
94969
13757
45445
59579
86268
77522
28060
55432
23162
49985
41465
70019
14168
41412
9923
75207
45517
68502
79009
32566
13610
13915
83900
65189
56969
35997
66066
5915
86288
28190
45222
12916
47236
61369
40995
91382
14820
29095
4503
10886
10399
55768
63865
62062
52852
20704
9652
53313
3924
97362
46381
8540
44479
6252
14374
90270
23101
32507
42654
39047
51475
64669
28026
89588
81945
69921
48080
96964
91861
32824
6586
81929
16564
49541
78596
83552
18322
87636
69519
89399
52004
92668
27586
98804
89992
47179
52278
63112
98594
65068
22688
38311
16114
34934
29237
80078
68811
9659
29775
9026
75103
76315
66796
74821
30668
30417
76382
51829
37520
21624
91432
6106
38646
34160
91833
83765
46470
14568
82476
84170
8192
61832
86338
97868
33949
50474
24349
8852
24795
65936
16333
83442
76648
93351
78065
94004
3642
15765
8315
54699
19728
45942
56721
78580
40898
37051
38448
647
22093
91890
14784
49790
22595
17693
90207
94113
1664
54183
85902
28716
82171
36191
37310
22792
84176
38991
29032
93768
22656
94438
24225
30213
84012
59066
67638
42386
44530
61497
41502
79522
70590
55814
31726
16369
45270
60016
18204
77954
98820
64209
37485
41219
81595
51915
78697
24900
7141
89665
64292
54904
10430
4991
36067
71458
11667
91027
13861
26413
49599
47068
19436
4349
49936
88804
61284
89511
24272
39354
57423
92098
52801
42801
32742
42069
90170
25629
65045
56368
47959
68271
69652
86372
49558
38908
6298
56337
23652
84755
64000
10788
1020
72226
29695
99007
6037
16720
74651
38192
89058
45177
99024
13340
28753
90157
59376
91537
44512
22852
66598
51110
98200
94276
82383
51953
31817
68823
61251
2354
83036
2428
82101
9781
44127
38794
88354
38328
81425
71409
8990
33919
12307
46587
64113
19845
44528
63273
68151
9874
18815
59077
31421
33889
59779
58812
26477
21918
32487
1739
29522
46406
22437
56821
69147
79723
5242
81428
14748
84140
48948
78309
15185
14887
96731
58047
54616
83432
10623
19787
26895
97716
17922
21744
42527
68851
91152
24771
72898
49679
9668
57259
5340
49558
96465
67649
29565
51910
97244
2091
1101
46291
70462
69046
30594
75143
86895
30101
29165
86863
95120
86831
99509
81495
95387
17207
5
33060
78499
51908
24836
73458
28595
70799
36955
26838
59163
42920
62727
90513
50130
29527
7153
68695
80524
19025
76803
78745
6033
65098
3969
66125
13632
54876
49966
83852
96543
42716
28156
15035
31923
46934
27963
42939
10954
21817
40009
2015
66448
85279
79459
75494
66584
3730
79792
40359
95080
10038
82383
98922
17864
57910
78699
77717
44240
96579
71316
19044
26569
83381
7611
38282
6638
38617
5686
70934
9202
87036
35919
87388
3552
23360
43539
10509
2546
85422
97680
31422
45158
17853
30641
82234
13408
61662
87365
90934
67439
10633
39691
13356
43554
34150
32471
9832
49160
77875
19400
10041
5876
18662
15258
88569
37464
68128
38202
55823
72774
90520
40885
54192
35561
24815
32373
37731
22802
78449
74193
5152
31073
90615
93309
50510
76568
46779
92426
93775
68501
62881
53743
54305
37918
47610
26128
34271
94371
94230
57648
86219
81413
49611
85505
49174
28557
57445
23621
51116
52120
75063
94508
92114
40283
18829
36477
42075
68723
1805
79892
9795
32355
89153
26848
65875
45986
11726
87542
31089
62103
46343
23543
73906
77561
92427
23303
96115
52567
49036
88427
23903
45183
23709
40607
63216
72444
85160
68594
22881
45243
5521
22135
56706
88298
24656
25602
26669
48770
9010
27804
43288
17567
70518
26522
96432
35834
57314
6332
50030
35865
27250
6581
37577
70383
67736
92646
61790
17108
30916
38156
71422
6530
11945
38402
60986
9971
9901
65892
15030
42315
75837
47889
97589
79194
70535
92693
69593
61936
25705
16564
2242
65260
26717
26383
42755
32491
12353
94509
80390
40946
17681
21763
55272
46229
69795
22048
50313
68275
83036
77865
7391
24327
90182
9814
12952
84380
89241
75145
5344
23219
81597
60521
66419
69794
26632
62392
73348
9482
40357
54697
3078
77689
21157
28116
1494
94295
94463
47667
52100
27566
29952
16182
4928
43499
99842
50029
55362
91926
14907
70446
94707
4258
96018
88901
89602
29431
13354
18181
85716
14344
52849
72199
72708
43068
50016
27027
92047
85060
64982
3221
17028
66837
59374
95266
85228
73822
75657
17786
17613
9478
12569
60151
15684
87411
36502
41210
88249
8745
68000
34090
22833
81900
34963
87376
83212
74756
89747
3421
84201
50298
46005
47167
67588
25921
2963
49564
78941
13903
89734
38521
24095
45974
80378
77305
66163
58385
1564
15388
9263
15620
79047
59983
3447
80620
46586
57836
96884
97312
71501
36337
55945
37296
34776
90586
71605
76671
40412
18794
71450
11282
18670
2236
60579
89078
30948
97946
21834
36807
80167
62442
16031
84933
79929
52998
36235
49442
38081
59316
86667
12119
65941
2938
76394
51912
33099
4314
40786
19161
49542
58203
29521
11745
71775
76873
29000
7626
97704
57609
19094
31788
36202
6070
99456
87249
11631
304
58971
59584
91009
11561
3437
12326
2090
7508
1206
26649
44316
51070
54243
2872
81403
73818
52971
33647
44291
46696
27247
79068
66228
92831
62961
22489
17953
87291
13999
62513
10290
66851
2677
1362
83852
29198
68287
22793
11178
35462
92984
13718
95275
42584
7037
72884
60369
82705
51323
67222
95621
75669
53940
41906
30609
7654
59980
63687
92577
34079
38704
78739
19792
68131
80793
96008
82736
97621
89816
65026
95487
32346
66694
3105
83305
21727
83710
41070
9237
98217
45469
98902
52546
95835
38224
73138
74787
65129
76136
16345
5571
55984
63241
15704
29370
67922
3330
32485
57153
73868
6409
47125
22205
7843
60070
65639
48191
69638
56819
82283
99325
40249
94329
60634
37450
20696
94549
90699
78905
3821
19766
3171
65245
63768
98940
73638
36201
1052
16031
29302
20686
12499
53526
78719
42266
64774
29025
21053
69141
37856
10473
55552
25568
70496
46513
4195
21543
83589
2455
80901
50654
79311
49464
89193
52200
14028
14823
6915
33001
21146
64535
21334
96728
16474
55985
10915
34203
53106
68064
31058
86762
5446
88866
50270
6616
52703
16977
511
3083
1067
11360
50877
81620
30702
6994
87321
53796
78830
98642
82747
20630
73381
83534
71634
9207
13033
45250
1231
72996
48954
55690
17404
50035
61130
69816
57389
9934
37920
88688
63968
10598
61278
70343
6020
28636
72119
75203
88912
23623
40334
42911
64871
45682
92244
10934
8254
98307
54578
1712
3545
23913
58582
24817
4949
88281
10416
63296
65607
1896
74756
39281
1735
31111
37345
82931
52424
20124
9220
60925
19339
65980
10426
55947
22245
63087
24280
27013
86058
61194
44545
21977
83031
61368
47412
58178
89723
8141
7723
34971
82561
22887
44633
92720
88076
63359
25741
86881
24330
87445
80691
2896
18558
45342
75344
97898
62736
23706
75851
18587
73539
17735
88290
11152
56102
12759
94027
8740
31998
15545
13516
54734
81023
87395
22040
95960
63669
96019
9672
58967
36560
21248
24759
4662
46672
20835
65309
41785
91812
86931
85886
68164
64637
1222
68964
126
55354
27321
69169
45107
74349
62682
76429
70240
70082
9114
59787
20602
59919
10931
47453
44769
61967
52816
70688
92490
14498
5708
49153
59530
96237
58282
23639
68106
15553
74094
48392
87861
19503
69972
39751
21935
84728
19979
40399
5440
91345
51040
99257
89560
48279
11315
85890
13449
33868
60415
55288
98278
39134
51806
53948
32997
52756
52005
11437
59790
6570
68663
92952
8672
8331
40163
97857
75341
24522
73068
76792
84119
40122
567
5663
28716
14561
75001
98654
37546
73490
641
64417
67465
24527
59044
9636
90027
61793
78666
72442
97769
28861
52831
24457
24513
42621
15720
14744
43314
41626
44764
41531
78430
11621
69585
28299
43581
58258
32648
49666
97754
42414
64766
99484
91941
67036
9876
18655
65468
6137
57756
3396
38931
96315
20817
96029
42267
69107
21700
19850
11123
88507
42030
57228
82427
72136
19582
85799
20960
16857
70965
81472
12712
20009
60087
68956
67957
86001
28772
50573
87215
34637
55280
72382
56657
82347
8880
92981
56023
50408
24229
4796
81728
65269
27959
20311
10604
55244
11733
76381
55603
15155
60938
28621
93785
5880
16276
4859
79036
79308
66688
61710
87242
70892
46362
41575
79985
81717
36037
58696
14370
79974
49358
52389
71193
87721
18739
33153
21427
82988
82008
13114
1874
39579
11049
56049
24852
47305
16725
4282
3883
3956
10538
39773
37642
46941
2838
14994
57769
97344
69790
45505
12674
22023
26907
90627
29092
80443
5629
61201
65870
12078
41260
84159
50406
37498
45501
22452
67091
91681
54891
95883
49295
81623
17669
73482
11657
61959
5857
11260
47837
52128
16848
90564
10370
76488
59311
71703
83919
94855
1932
15105
60952
5075
331
38034
29764
41541
7438
68667
88763
63960
15652
31391
8068
29233
75332
47199
69713
65943
83474
61347
31153
25759
38848
16739
73242
68954
15472
76008
13505
52277
14965
57848
88270
26585
20143
93859
33102
18916
87171
31055
19998
69096
81644
2111
41914
14523
85157
60559
70461
68406
73255
31338
50978
16538
93079
58476
40711
65600
49603
41138
40419
12002
43037
36871
17533
64452
86800
76615
69826
45722
75399
79872
32579
19480
64619
80428
89366
36608
72622
73096
6806
72069
9866
70176
77029
28193
98205
12688
18119
13144
45077
15891
52383
64359
97415
41208
55102
75945
11683
77398
42252
6269
41429
82654
44728
87389
61784
86309
98689
31547
21527
73873
66944
31550
37678
82421
94638
81695
24985
14631
94015
3779
83275
39280
47683
48780
49302
83611
17519
58957
56549
38669
47271
17392
36405
92596
50893
82420
37154
78808
85790
2912
33469
76111
20401
37060
48358
26002
18914
52074
11999
38779
82440
65118
37433
44528
5577
96867
1805
7677
30048
48186
83630
64514
3001
77770
21523
61926
76528
53936
27898
72573
17131
77351
12312
36819
29061
23089
43475
34971
33902
30234
6369
24712
90211
75135
91489
88081
81706
457
86913
19982
50206
36337
30726
55891
453
42239
21262
80289
57885
18508
75688
79344
17634
85158
73661
1421
83207
2099
22089
67258
56746
9773
29483
27984
9209
2106
83933
3601
28502
4692
87465
47207
16300
20306
11309
70889
80191
21112
1599
38123
46794
12352
83042
74462
3595
65837
79332
73386
62554
23219
93354
77425
26844
98797
67714
96010
33658
69548
76653
80982
40604
26079
84125
18267
20961
72374
39614
9979
33991
4492
73235
15038
40448
68773
94679
88371
40596
98668
96830
8858
22284
55931
14115
14416
20012
56736
88148
68942
2420
46166
48782
70344
25260
95563
27353
71440
9680
36399
80744
26271
31499
11590
19818
93197
36193
20608
3859
23119
26408
58275
83817
36282
4080
98766
51502
44317
87644
56163
79301
5548
66269
60789
15547
11042
97745
26590
34383
86496
4343
49007
25760
60765
71894
65043
51168
95693
11309
27666
83738
93868
98909
95192
97585
1034
72167
12992
70535
98107
20870
69607
16848
34091
80186
42314
72116
85669
1766
8173
11185
41826
51769
85781
91784
2605
60549
90228
81492
49928
27795
29167
43709
95393
68988
41430
29532
35053
74337
81307
46713
44410
39718
81372
54339
28208
20637
84648
62447
99059
54874
22961
99449
96571
97237
32457
47096
74335
10688
39580
32614
75994
62157
21189
10753
93589
78460
41041
64630
51465
27994
91532
3618
87253
7275
24351
38927
7788
27862
36646
73133
82291
18874
90302
48552
97751
83032
81112
61228
42151
70048
41906
62197
48
60190
59102
35789
41971
82972
5687
65903
64215
31185
45298
75509
88815
68843
41846
52087
64852
73159
17057
52251
21695
95234
34312
12529
12394
71970
51356
80066
51157
72540
76704
16960
92695
16767
85016
25016
23183
59919
95205
83894
32696
98632
91741
94924
17186
16105
74381
75341
14433
51170
54462
53211
12853
45498
76942
72051
84663
95941
36524
25947
85616
14905
73479
10907
32364
80619
80220
96265
15498
41344
23174
91141
31375
22773
86194
5272
19117
76279
71520
80980
70452
97165
52217
3602
39605
36693
56042
81393
17990
29440
74867
22754
54206
58381
36058
28547
93689
84126
42623
60345
84322
71861
87482
41650
44427
59796
73875
98434
17776
26284
28683
47786
46599
29326
78393
99040
78052
11742
68427
40408
82196
88103
45745
46015
273
55357
91909
53116
60885
98095
89194
27391
98701
91555
25890
55367
85358
40668
98580
77360
35502
31896
48962
1755
82212
16036
80720
22015
25559
84870
37947
91502
45631
52242
90815
98002
37086
1035
66453
19801
66132
11555
83406
38211
72822
43895
96602
27649
41638
7180
36377
43669
41557
11910
29940
81820
93153
68161
26526
85742
54761
62021
8550
41603
32294
15380
60225
7827
8090
10093
82385
93961
52947
36531
87679
20636
32519
8648
83827
63739
44329
72973
54292
10240
24881
27298
75502
30574
47693
56336
67678
3003
92565
86261
62351
9137
3965
57788
83805
56541
72159
18341
83988
74353
64570
37839
40815
70864
6775
59784
28351
38236
62714
9580
94007
38820
91847
95375
32657
9990
67383
53251
30526
79999
24157
8191
62695
95996
67335
45019
67259
27230
13853
9384
86451
21350
57336
87863
60445
59810
44225
48389
83097
79573
23923
57456
80544
2610
89013
28950
53352
42149
52940
933
30844
35197
22001
81359
22227
84517
6135
51441
13352
80114
78668
66279
50182
10167
39062
46347
70469
64454
54665
10573
93698
79482
57567
62017
55963
73871
50879
496
81288
74958
35120
3037
13767
43176
99846
82667
95957
59450
38261
8775
68111
52645
33292
48201
80128
9084
32416
65175
53497
24187
75550
384
4057
27473
65363
34674
38050
36520
72635
31301
63737
72872
50604
42125
18739
3477
91731
57784
99325
54931
97910
79630
92005
84601
50860
92095
50091
82666
63306
18161
28290
22160
63502
47715
86918
70303
15766
38866
4009
23725
7922
5635
88359
32621
42868
21954
69450
34448
55986
91554
51270
26457
42699
56036
56144
68190
21205
39345
52043
19988
74252
55827
52202
91632
10810
41212
99431
96451
63593
1100
99154
80504
91581
9908
45016
23931
88070
34764
88779
92093
4237
3406
42295
47856
85805
82981
63468
23143
86116
87426
70441
87854
62765
85197
48622
47315
86939
36192
63719
45589
94659
46978
70599
51326
87409
96829
12592
55244
45924
53555
38734
13921
55412
67768
27533
33264
53085
6947
94940
96812
99585
66569
81549
9026
44733
74575
59414
41725
5029
87544
72441
43056
95398
62243
25951
92702
60912
74566
70806
64443
35581
49382
85395
87792
14741
59471
44813
84090
65211
49441
80734
89269
13070
41423
77748
65441
42791
83334
22359
46527
13404
7645
19364
59329
47498
78806
17001
10789
77059
20909
37033
34576
36506
33633
88855
45764
77763
24165
57729
60996
44793
5537
96429
3403
85742
37707
16856
26436
99704
16700
73598
58885
12068
49268
54926
94497
47528
85781
48413
23983
23037
22427
28113
34576
14360
25318
18162
82943
59330
73724
23705
80868
48514
67403
84200
20019
19741
93880
96444
1971
16747
5537
75069
32808
94219
13494
66800
87734
51565
65527
11421
50520
56003
38629
47176
84984
71877
43351
91258
1327
47607
6661
87059
38785
24256
72843
99010
97932
20430
37794
53151
20850
17082
11132
66955
35497
12745
82620
85468
51769
44827
54677
42514
21071
75840
91127
95450
48674
24741
23838
39923
78659
83082
53536
97073
54996
93227
78829
79798
99070
81650
88357
87002
33945
34139
54981
45118
28697
71730
78069
14780
32362
36297
30175
7133
16344
22910
77792
9086
46571
2470
62362
99716
62269
62563
47363
51058
46889
57094
60036
45678
38567
95972
82194
10724
42419
24989
73574
63548
75038
42961
43302
87523
92775
78356
20311
8356
29674
807
11915
20966
98380
74290
81266
24914
87926
68190
19027
62420
25968
30108
32378
17119
59863
89952
25304
24061
50946
8733
98178
61797
69387
7428
51728
45989
23245
11409
40757
20598
54629
24112
86371
47526
88303
15
21939
28458
23684
21430
17689
53726
19821
96237
1543
62149
34801
84385
69724
13094
45938
29871
59627
17427
95195
21830
39611
47537
75457
33517
55601
48293
97602
91146
62772
569
55765
5928
62103
46889
38727
62088
56195
74774
19097
91290
36528
67537
88724
79558
15187
74553
98764
46687
18102
23447
5846
10077
63986
95167
22014
95022
63383
9593
15412
81727
85636
24082
11136
85658
58096
30293
97223
52308
81493
45652
49474
10051
68175
34987
50574
65503
35781
65136
93974
44626
17918
90755
31001
79797
85564
93078
40914
18180
8129
45056
77899
79918
21539
56053
76451
26061
12157
57242
77166
5576
70035
24813
68636
38404
12705
2333
27991
57257
31612
75825
82522
74672
67311
75581
7947
63837
76642
27239
25020
41786
15389
51335
55523
21786
23280
15288
51138
58095
64714
74735
14224
40726
48194
2136
88244
10464
20252
89725
7404
55106
5463
31202
59987
16729
43221
31927
37949
86768
54019
70956
16532
90806
53268
39877
31962
68155
19041
13223
2736
32703
11665
63139
70591
60942
37670
16993
20907
90704
48402
70824
79139
29848
64453
13765
69799
67997
21076
89012
67590
56389
36899
15436
66464
71005
18464
20605
41709
2358
26544
90749
82618
21689
46667
26131
28830
57765
25900
1318
52157
81087
60725
68992
87506
33040
46698
13247
31458
56355
29583
53705
95126
80232
29807
25353
19109
88575
47303
10617
32670
52992
92215
80018
66717
43600
28419
5637
10724
40093
61471
47669
37422
53193
50311
78484
5905
32258
72972
928
93758
78736
30505
37977
1827
7063
30493
19419
21519
94764
51774
67874
53761
41673
55340
91268
21246
14600
72948
21779
21121
88187
74528
2299
23994
5346
88305
10639
36920
71347
23367
28956
13011
64507
23451
11334
8331
93389
62849
75944
57975
55507
80561
49889
67508
55788
37230
24635
93420
24354
70892
37810
16784
32674
22185
83221
98008
44746
97443
65070
37415
55674
38950
54659
56268
63851
75663
78263
55988
94959
34815
63408
9457
46051
5084
97426
87639
46250
55377
6971
27182
36905
29789
50060
234
58552
58936
23271
56412
94598
50586
25861
68636
62385
48429
89867
29542
61140
76796
80672
13206
83271
21289
96023
38122
70589
30531
43183
41690
50252
62616
53659
3920
16553
41359
2875
38607
34195
32061
38180
3938
26238
94255
82749
71304
75659
19808
75222
31031
13319
18707
25331
6805
87073
72039
14304
96772
6885
31890
45488
58596
39019
11285
55431
8198
78731
73792
28561
7491
65354
2042
19637
75076
16264
97168
77325
65717
46958
37048
79498
29340
13283
237
36313
78356
58870
44612
90630
63329
75903
14992
46990
81289
90566
42387
90184
18469
65890
89029
12319
59780
74160
87970
53355
81047
28666
23774
74220
76845
80286
1730
23918
66705
78255
57000
32439
65538
66425
62244
59815
306
36438
2537
58350
4301
87447
99745
59795
22806
48371
85052
82197
19521
3134
37955
62139
81777
21950
32786
57296
84428
42438
59713
31469
87215
63167
16165
29713
8477
9264
96772
74672
39283
4744
45138
66930
36355
39514
69167
51939
59620
50291
63163
24020
760
44184
24536
73952
82866
81275
722
50841
98074
98257
52794
1219
90033
99038
76244
68770
81100
60180
76542
86581
90374
99162
57348
70490
87969
31666
42605
26905
83382
416
20278
21340
51389
92614
65094
14982
57562
75573
70433
65757
57357
70889
95370
7631
7621
56352
11873
67314
47479
31737
19320
51052
76707
9751
78701
35874
84047
96605
7315
29413
55351
8042
66203
20373
21998
26126
67257
27705
93738
39685
24643
70753
56913
27033
76094
24885
8962
33437
3602
97558
43181
67775
90201
58298
93889
92915
59746
82704
1482
12592
60015
25428
59289
63875
65925
19941
59718
8821
99316
13958
65857
81485
84484
88538
96540
87197
84541
76187
27782
69846
92676
88670
81614
59910
84522
88793
94485
91031
73079
92070
31752
26196
46049
63979
42191
65908
6896
86417
27070
20208
85632
2998
31952
14013
33027
17007
56295
60952
62863
8092
15773
84734
60823
54210
85374
89044
35769
93846
97487
77082
49383
40224
68515
55
23544
63976
80004
70303
91315
93659
45813
9205
27043
44574
55592
12599
63822
75439
96590
7187
82452
89818
20817
40236
35037
44572
42596
91863
48490
1161
22787
24282
38459
57270
20213
85621
52571
26022
68348
67265
53417
87959
65795
73144
46283
26990
52861
96999
54432
75685
83292
19361
45600
37561
90205
29849
17366
24429
88299
52343
56203
45409
50651
705
95262
10851
47663
20922
9308
69235
38243
81925
1759
77980
58792
61773
58383
20174
64325
38515
64965
18359
37819
35756
12158
63812
98864
91808
39693
75172
10734
18258
4307
23791
6191
88918
90940
14850
26657
53312
25195
93060
96827
219
86500
49699
37366
6263
66086
43743
52010
92132
61614
14030
12237
74736
51197
51675
2577
47467
43527
22348
82730
42675
57990
76606
68838
30604
48863
63073
35561
87224
51097
64089
93084
19763
91690
6347
98704
73209
80256
60067
21370
53642
65187
29415
89361
94995
17667
54182
16206
64677
84782
88108
18047
50468
35145
92815
6813
96196
5662
87943
67912
56926
46466
27873
8562
25736
52555
33353
93470
43635
65288
92340
68262
41775
24648
58567
7850
80813
54059
18610
16917
46163
63565
68643
52717
29813
64274
40610
36602
79504
97266
44192
70015
24276
93497
45743
73096
91756
97780
88284
19655
16999
9521
67646
50919
5326
15646
19070
12303
52311
17065
35797
72398
42907
78962
36630
51396
48700
67401
22981
7428
17342
69931
17553
3540
1472
36292
56624
5535
5762
16799
15783
41419
40195
20641
85020
86920
55287
64055
73229
28362
704
29235
14459
94086
92524
8821
68669
38712
96429
67980
58279
10721
34159
16281
58451
33123
98809
45017
63852
79460
20891
52071
87518
32940
61557
46099
8521
75167
21974
94508
74260
62805
48556
55641
80505
15387
82641
14541
97726
55609
50121
23810
85784
14596
11670
36340
40692
38958
97431
5064
46988
13908
31354
16378
67116
47266
9867
18517
85294
42855
37153
3928
37484
28643
35031
5536
1355
94900
39277
70852
90577
40698
66215
84940
96274
23321
83479
23568
45159
54401
47088
31211
98640
89096
73322
35096
108
10158
98352
26100
88639
17442
41177
60071
36515
95225
26150
59014
35256
44639
40221
20603
50244
36602
96980
76581
87587
61790
54714
75896
68497
28562
88886
6782
86273
87141
50799
13493
28872
38940
53694
8043
86075
23628
15105
25053
24456
63324
50044
18668
5598
83258
53412
54547
43443
21306
32010
7017
45191
84998
46652
31763
56811
13909
3043
47808
39031
57786
86503
29005
32570
86345
70029
74946
32410
5322
37838
3892
80087
65247
57208
86255
230
14269
316
16128
53019
64505
64737
513
47748
12514
66350
31147
64355
78857
81644
92183
59549
9121
97743
48526
92091
9364
87956
54219
87802
72618
68247
18038
79056
89922
5753
64351
95779
29268
44308
31260
55392
8949
83926
55230
97681
87951
1272
1605
37220
45375
26391
13831
60772
23304
97302
70692
79996
63093
98536
60496
60831
73766
52297
3912
90073
33004
71663
83014
6961
36158
4048
63119
22997
76792
90186
26128
76743
63437
38919
69305
22033
51576
71361
61861
27769
97286
19313
93164
75454
19582
72300
91044
76563
92146
55184
36438
96100
71967
84046
51444
60905
12369
91860
91927
51724
939
37470
32882
26580
9096
11460
95061
99638
39320
30759
24729
4554
8533
70138
4916
4187
11681
13250
46173
69615
68238
18454
77579
40542
66205
85390
34643
96462
83083
77114
19732
13361
81397
99580
92788
54296
47511
65357
35370
43799
66808
71670
19397
5898
5749
4247
3521
3410
1887
37864
74645
2223
46598
42141
49874
98440
82126
16817
55075
88525
24456
74600
199
33036
66618
61672
78679
63026
13202
55995
28446
4881
46183
11814
5494
54146
24598
25096
37432
11772
76195
79100
44087
7310
47830
91893
34973
72659
43255
28335
19325
97347
91840
57912
93392
91656
59849
36757
1828
7496
37098
67313
5257
18549
6124
42302
24478
41034
28427
11011
73270
84301
62941
15400
36397
56548
65554
31096
97168
15084
5328
14093
69761
42854
73008
97823
45560
53351
50479
7208
19862
74592
56008
56433
25557
39455
79446
75385
63793
14508
73987
66059
88109
32338
76654
24694
68160
53429
88387
78010
31934
72809
56388
72636
61194
3962
66372
25667
93924
17914
70388
91263
69672
88929
47096
23283
38921
99931
15699
17213
46030
90537
2159
95933
86760
88487
86902
63403
36052
51328
46908
87895
39459
59326
41888
92156
62536
42897
84211
21716
96459
98241
75294
34526
25325
43409
87352
5235
70787
93681
18761
65586
43089
89929
53674
8828
44059
96550
12138
70443
87254
96572
85635
60138
23184
50723
14783
60750
83463
54506
80890
28557
86679
22777
51098
26478
80968
54799
38065
96726
33481
84470
9441
32709
15336
150
9838
41321
72149
26471
38551
96230
14860
96505
59997
70385
13334
6867
10633
1670
26073
40577
6084
89476
53426
62951
45236
41971
58746
44287
54294
93892
62261
39818
13072
92947
75767
62140
58251
9250
12765
14278
63910
56684
78291
12554
58304
27669
15454
17603
47697
33578
61549
9156
83000
11833
45653
85624
23025
7742
41706
43056
19347
64194
76345
89692
72111
55573
79164
82128
83532
83592
54522
27024
66415
12231
48700
78297
48724
56538
83947
73941
52030
55803
31814
98858
11601
55442
2208
30525
49007
93909
31709
22845
4244
41050
64952
10193
83739
62532
36260
68449
83044
91343
75197
52725
98541
71809
79384
42527
51253
4183
20606
64249
7583
58589
76197
28192
96827
45950
6620
12696
93305
30480
32343
51518
52197
43458
98335
32252
62454
11185
52892
93360
7610
41396
9019
15308
5891
21871
1196
37321
34686
72570
98151
95442
31303
58356
83089
69870
1820
13216
66884
49932
62962
48854
56829
73632
88081
20633
63813
75319
27670
2069
94171
79858
27245
75419
38947
14546
71037
80388
42955
71104
38594
75568
8762
39179
73223
57947
66605
50126
26143
54690
20248
15222
58292
48326
60933
15998
52905
21629
26813
6056
16317
11650
73633
13494
21868
43738
13961
91005
82373
75855
76852
46720
20294
21074
37618
3047
41567
31887
68244
73033
9006
23789
62995
14190
54230
87590
877
18255
63286
89971
16897
22027
20437
90074
67403
79193
97034
6211
91346
15980
27962
51293
88866
4491
26820
18149
61427
26758
52844
36633
83550
69820
57487
43283
5231
87539
6677
1246
16248
88429
95922
83285
38804
60389
49780
83924
53358
23065
24651
58109
3975
6439
14378
93254
74170
90289
91901
9140
71966
3340
6947
45831
13768
73185
99756
43666
50669
38490
83848
41299
37908
83504
97061
17924
8483
31585
19406
83974
75280
39228
8704
80996
52595
64967
10563
85825
57543
48602
57927
26813
24613
25323
87250
10571
42511
16617
63296
26539
1413
85224
22619
43668
20904
14986
16981
38598
14125
78035
62279
97939
32024
81618
75981
18605
23115
44702
16667
89629
38778
40598
22927
76480
11883
55939
85705
44635
37415
58705
78125
52989
87745
38324
9876
19684
2380
79473
69456
13004
2203
57828
66864
48234
91672
809
91789
77722
28887
39281
57899
45835
63096
87192
12540
43130
61965
25306
52943
34756
76798
32462
5023
56967
22910
3215
88864
72602
84485
14216
16231
51454
88504
53409
39729
94724
30697
5830
682
54058
77992
97779
3374
5157
16552
37116
76985
23556
62254
51622
73367
75871
1328
19637
88749
83667
82899
7606
90529
39096
42285
77691
76494
51504
94166
5278
93138
82481
98122
50980
92182
83132
65530
64650
9960
81857
46450
59980
13038
83485
7888
87359
65252
31375
90672
50032
36269
52905
11236
53933
89874
55770
56670
55160
61351
67584
6711
70676
57652
14535
4679
47642
91503
16153
90897
44672
91127
32754
6748
64341
11002
39704
75283
90449
5843
18372
65168
25818
19973
47497
48765
96800
87300
50656
72270
89242
33296
5623
66083
7275
19725
49630
36971
1105
75270
20891
77
92882
10795
61224
28469
40770
26681
67194
20667
20482
81452
17933
12474
70854
5903
26639
88431
45416
14954
59725
80357
35477
90684
42684
75679
81877
84301
24976
96630
72377
12244
7561
52924
29526
2179
46204
15117
29918
78350
31255
3619
59890
62556
10349
39236
5000
6973
64288
55067
91044
68081
68383
26764
42892
77205
71588
38390
4097
62414
4007
64480
65000
29048
79705
15449
79991
11639
96198
63078
15581
68731
44637
35599
60144
3895
35381
47746
43436
61190
12535
10181
59436
61370
77981
44789
59571
16356
70543
17630
85058
83783
49129
89695
36869
882
10061
77100
39754
67526
28280
7038
42770
31964
49667
53485
12945
69568
77521
37600
20977
34881
89990
81738
88276
10297
97317
13104
63215
70913
97779
23377
21085
34413
19477
3959
37049
67253
41453
93056
64320
74032
72095
90389
60771
5579
25380
18109
46412
83132
76237
32361
41389
50913
95157
18948
29624
37480
59137
38674
16716
27405
11168
23202
2391
19188
93671
60628
67589
72693
12663
51504
84163
30037
98869
60641
91220
27473
19645
37795
46276
2700
61236
31217
51708
41915
44816
72048
77356
4021
61645
64657
48716
5586
12859
78310
46772
49473
17567
98889
70337
32485
9311
65929
44669
72953
75408
89829
21160
57873
6297
16885
2072
21038
12712
85644
41553
28502
37398
97091
19603
65857
35000
3319
59180
92905
18906
4570
58299
55709
77010
32920
38763
23382
39735
92397
71076
47576
43103
19929
21116
26322
67265
29286
78328
90661
46601
1062
67445
22497
41368
85728
