6400
1000000
453260
688788
26818
701659
756589
395074
969609
18508
815407
706439
118073
771712
140074
497822
420197
712156
824452
605467
300971
935696
867546
921483
96080
625428
757749
360466
525034
863844
314009
489579
317634
117332
306506
587169
839165
297211
564047
774813
447354
9531
116165
653879
358130
720092
415004
570033
997357
81676
835387
227775
172217
597211
461029
881956
908572
125632
630677
744377
469596
476429
840037
560938
896164
484385
373671
538448
390929
507794
475590
930082
5705
251409
958132
624618
385740
179676
895750
26945
774629
556278
453667
366001
90090
322797
960930
321141
643508
612302
53213
519104
995088
682919
82772
21117
511679
451966
21316
393291
425756
612979
766077
333384
581740
525959
100230
113095
599802
685455
555840
287476
887469
591565
80879
221651
785810
275733
721388
989932
149675
566207
495698
113546
830389
417272
259691
420575
854527
271923
640401
35343
573812
479332
49836
134363
698890
246548
381691
642088
923679
468059
240738
482110
797187
47395
457957
348056
606121
1702
204076
213338
294338
723202
229978
960034
864097
260744
634527
574558
279294
380141
88677
331421
622299
463732
629293
266254
143698
17662
976942
25412
888205
669573
828977
871846
780205
59952
732559
225568
408805
957109
951830
621929
265006
258797
209280
382037
852535
282708
303398
607051
919056
893618
383058
331710
35956
566692
93603
802323
892575
444476
900484
880609
964694
809363
643294
517137
667319
163815
776454
86757
708186
287407
812287
133281
121183
222728
198101
731846
377759
131472
230942
244716
49639
357533
642011
719962
727571
835683
167291
562317
288559
192430
761779
391647
147947
499888
111760
196843
832950
664029
752904
991602
70643
855413
411513
183422
596131
223527
152088
778281
55567
375106
536447
360842
703876
742314
277939
513685
78486
18449
808874
968908
468073
296790
770130
321616
789258
412528
678914
577167
434408
258174
934045
152690
760110
519629
877638
208277
148622
363092
847923
344375
993504
92254
29987
769288
535867
690713
439557
14343
209108
466331
559503
154134
37682
722227
989567
275421
679427
493401
966897
630611
901146
908438
768271
510412
633592
662563
814489
375114
264704
421257
763201
195077
498872
712961
998551
268430
935233
14871
704285
7551
499414
287584
141590
315853
852
172383
843726
212478
381761
429182
186583
304911
674019
963686
197619
558155
286666
969051
525222
563986
9449
290363
206321
174946
36739
109490
242181
935104
391379
443392
20621
213267
359460
750703
307442
324179
934705
149441
870733
209410
815089
362928
798711
441990
194543
531529
225147
417498
448994
454574
485956
599183
828721
659829
696358
595843
437944
937144
360100
668556
107746
618412
900529
985992
249890
937736
937898
577934
416781
263698
728089
472742
86763
859892
425022
946901
144152
100395
732321
163410
629826
743579
69404
730670
600924
950720
592957
874630
357106
225083
286847
984379
866073
342671
861823
264960
952440
647610
390954
111090
701792
793131
447550
601596
575671
123349
9387
206768
933454
411601
546396
399443
13514
597801
518507
365536
938767
500322
976208
420862
980632
217151
78410
58468
140653
76579
120546
774340
90450
549450
100404
949215
648382
492972
940010
100386
265242
460412
228944
759739
441492
581422
757799
82927
605014
694584
170067
49441
741020
996705
776531
774487
984726
462687
948358
20959
462593
685293
533354
473424
899371
585895
424467
715920
895886
655277
750387
141515
326454
997855
155226
213926
4998
473161
287514
600168
625396
655198
928380
698057
994269
163300
154561
993537
743393
157353
553973
500176
34067
435781
789901
256827
247269
626427
744422
489301
291082
418494
62503
578068
950843
647933
165299
416350
657656
319218
704458
91639
157351
323161
988866
78516
824678
693467
131026
291824
786451
733953
532386
416576
592580
243894
855220
904682
905339
370682
813241
908388
564956
327034
953966
206509
433511
324201
102890
871891
619354
593165
292874
27179
40703
292560
811707
540856
799743
435062
466636
926637
507538
703249
286707
26694
525220
171439
662104
282833
68408
501776
354221
529586
259457
140845
901056
279376
506132
407336
689526
412228
35447
131812
369705
31188
17910
686371
345475
999463
480054
825015
791962
336436
122116
744786
22159
217091
232921
173247
53492
793032
125444
89625
909619
433125
904253
894978
533604
267976
919960
460956
185658
114787
966010
507277
851981
957820
129578
184777
500767
164521
221047
573891
987317
528549
875484
47711
32209
48297
744716
94244
974853
73136
680064
244263
939281
79503
443489
209158
639878
875079
278841
197439
301803
471688
625101
649061
74202
216181
359963
303494
873838
23452
224767
600468
812643
716864
500783
901590
234702
548754
582000
916519
916562
947298
821045
19163
169278
415929
912550
847357
421465
297617
122213
693749
359671
808685
870014
716113
855718
345521
532485
922084
720233
572366
841626
216304
787393
209529
927005
537236
957997
758767
872782
256401
606291
626165
642825
564559
190537
232775
364812
527360
998154
739375
258122
857248
703298
954116
940539
218902
818115
840434
455230
62281
178420
797503
122155
560306
320412
546641
236999
217520
977095
24444
715948
111519
951386
157074
16016
530764
307476
770012
48403
980341
162815
173690
346224
141524
360182
157848
448220
391491
952597
226049
316464
916308
743422
906682
618768
283305
89819
887949
875481
578198
799771
541645
795515
857882
231252
124247
607912
721493
636633
573664
832962
260428
386289
356143
730795
512207
952415
260220
615614
813600
437366
383226
330134
125201
990454
810742
437518
482619
672894
650543
107040
218730
202715
149924
244891
496944
539737
598982
152993
997180
455303
602248
886393
304275
72265
87257
523740
662789
857812
110989
765546
282684
705010
123755
631381
307124
548548
854990
539852
886631
425956
396550
724147
543097
17654
376479
761133
152675
477512
339857
973436
428301
800168
583222
601628
740634
62165
725192
937599
480447
621049
238277
60367
935998
759880
15546
422045
835694
324194
800645
294373
289355
614251
970836
5163
850626
167494
730093
969204
818633
94456
242916
749622
698692
315932
619429
773380
949924
390026
948437
868555
761863
614792
767514
491215
622669
745478
457829
366174
868298
974968
56284
278595
235006
791830
888691
922345
676807
952445
245079
36229
355034
82038
41870
540643
758874
353952
45542
24903
373800
287384
768510
729441
179040
950832
590385
117269
525768
761836
6345
235533
624417
633166
159288
330702
952573
431432
973532
599856
384115
586163
275229
535757
735819
215701
258293
54813
729367
320870
534510
484751
74725
438156
792652
532751
495129
641218
783775
555010
34377
932902
948546
805109
913942
879436
507287
851305
540386
804373
244596
21771
2828
981872
537758
562014
545729
47240
401811
170169
54013
277250
454004
713532
545542
483522
736518
223646
30243
9388
278714
717477
865661
723919
128786
998619
915498
966412
339603
355202
400691
110420
54634
990087
321852
788505
407247
94166
727373
847194
420305
704988
903298
786205
472861
880671
769039
776810
186880
262959
377283
351301
779321
803524
436940
508812
23518
284023
204761
292348
968699
273132
924215
857682
477609
332729
229536
676835
459590
610571
578297
797220
400101
438285
827672
12035
417529
191163
527526
388378
614314
460208
367752
846575
931753
537081
487757
387567
66492
319024
32782
124748
261621
3537
424740
492484
946388
361558
304496
875605
265943
953044
998058
432479
516168
380331
660865
68857
378515
562333
962399
360495
635904
56599
287583
719614
743147
656409
951947
253617
223945
846581
854305
574000
371447
214315
323670
279261
140441
580379
656432
957665
436660
441108
985290
334020
232312
293150
673214
619239
66827
550596
383715
212225
527929
58039
342951
650744
250564
653358
79712
111223
819799
840416
106086
817008
718728
394583
584606
430430
123533
642949
16953
876099
915247
236253
384778
71163
751372
461037
974977
722831
420421
528209
329759
694312
988564
818137
376101
437345
439941
762626
809688
642857
610860
900521
235217
570827
222935
656433
397912
486278
731421
560986
80392
250365
522305
956199
884525
393877
715415
711060
169658
934999
460647
110035
876618
794058
150572
871220
831162
904984
415029
201016
391015
26585
112004
898665
977444
816296
783908
786685
115288
944846
209550
162173
94631
902423
749474
539148
262828
675170
155931
683567
257325
655461
398693
830297
197748
990212
844002
15332
969972
68545
816341
656694
255409
3450
171384
873905
885487
771665
13294
548655
434339
141809
100746
798170
701918
642868
803377
358045
885339
603466
694028
352698
787930
726912
992031
69336
373544
757847
108882
645250
337895
543369
490100
28447
139230
194854
795615
178091
107362
116236
216000
233902
833145
380360
382914
302621
29689
307066
899569
584833
452145
124993
990631
796889
264632
283666
150859
230373
450914
323245
957917
335487
479644
206379
407178
414942
455556
669942
224976
871373
414697
463990
621633
463992
254833
311092
856730
199160
31388
41281
806481
804715
994831
636158
446671
219384
797113
850281
794555
166260
752846
668783
389181
673298
905098
107217
832049
353980
916250
762986
258602
367711
481061
87222
865945
242256
42144
561883
783341
159419
77287
838816
639363
880408
123556
425940
153286
218738
4903
690198
958112
856242
437980
787808
648814
341695
305127
629376
741729
311758
404033
140762
829679
330385
410274
890175
722285
255544
122010
617775
772055
711037
795306
326138
904233
66401
524119
368263
92011
309327
170697
404367
148589
332717
310176
189530
743718
452449
17407
901332
494722
422125
94549
119941
830644
817496
514735
632670
83036
425988
440114
950862
918040
195670
161833
799015
791819
373218
705030
864387
584979
691858
643675
779889
951557
857987
878090
653896
204251
129098
742245
457679
749967
475839
828444
234466
188375
677479
343738
403740
191064
712753
645472
400167
190019
976992
842548
508648
721507
181667
994584
35284
995113
273871
492826
888639
887540
351022
664735
236478
96924
339958
508396
150257
635783
159828
733427
52935
189386
194612
961796
345263
121165
163801
24993
801531
67964
898711
783238
197805
135284
107106
787927
164027
676321
940255
410266
435905
518466
64216
767061
523352
287093
981127
888885
309293
168812
546442
96348
245989
55029
984518
476956
625597
511508
217648
688055
867489
430791
992569
50620
886949
541685
113697
44127
388166
173693
73749
864555
359021
804107
510144
665518
135987
951659
209497
466827
154524
922968
832717
485264
903687
766681
139678
819124
663206
545081
255117
1077
317158
694057
436358
923162
910378
809738
878663
33247
642118
673695
325451
504025
675996
708527
638319
283632
486119
341760
25759
551247
456339
948379
329631
121509
102896
140945
624937
768385
600303
181134
401102
272082
256119
197655
761920
231901
202352
712908
406548
333413
849545
704365
635329
810093
584149
56526
261953
297571
780642
795465
107410
142899
446904
940333
701358
501768
724670
154844
923012
233321
26474
636631
576321
685274
806297
843507
313160
951266
833229
723044
893474
77883
365738
85508
502726
585
808741
640088
734711
695716
276485
475
891763
150092
981301
658227
454530
270143
521633
521014
929999
779331
952313
117686
799076
485607
985848
983263
954051
39895
795597
54323
841399
452122
670000
128891
506868
183056
201612
574824
877472
588233
785500
506812
908954
854501
948656
594506
677496
340226
435363
512902
100881
406956
33060
801016
737012
413353
839039
555994
26644
531461
40405
957198
422372
440867
308030
88441
77374
758109
589806
906416
155086
266645
429340
489519
364951
626997
933276
893614
29574
267169
163774
39961
845038
580191
42225
65383
508872
388673
816129
475886
559074
875484
763099
262339
92798
825202
84302
860434
514761
72717
874209
467067
103128
513395
644343
761352
974560
893459
125779
520935
980314
869754
978498
972843
171752
504817
595229
973039
736257
446190
403258
269940
723570
528160
939752
174581
457686
429625
504453
933699
260952
323542
378184
981941
4664
161426
436418
35478
44432
350600
484226
681741
298755
102461
792271
718598
585716
656708
123032
1173
845383
919555
2324
965663
544460
793173
113199
316869
384917
619117
467662
589805
419787
710257
446197
425611
817000
903742
885923
438166
806073
431786
145259
490138
792678
177545
476312
45867
232542
560162
95766
23354
618838
876022
60867
228762
856180
912524
429168
24205
369492
46220
209035
353262
527527
838862
292456
628505
348445
352987
902554
271490
998853
22854
85227
888008
297873
937097
427707
160076
294268
816217
496371
540980
997342
801014
451955
750847
511282
407344
922415
887589
147799
648096
491985
691713
573365
375011
99539
133351
685068
351009
230219
26016
703010
427934
31323
813956
917388
475122
386795
28634
634867
380970
544225
164719
131501
532696
104062
887117
838444
668718
52854
547967
561862
893609
50619
966132
269930
947326
367032
301619
867456
528431
701930
643502
422659
585271
622716
622256
510790
9606
504546
956129
695754
93900
668777
345957
683571
446545
880955
544063
350472
798504
491691
740179
673608
280386
282117
631016
573800
300723
510156
669972
817470
114225
744680
29592
418803
533043
821684
751798
433426
4587
659945
409518
641293
456186
733181
358242
379208
889919
711575
317157
702315
700154
157559
586898
129116
81891
189116
684586
456004
699726
708406
556706
515003
995279
134328
816513
292337
125181
574747
645028
525676
542224
27377
93329
754309
659031
507928
528731
809234
866629
969919
878551
899067
419534
502647
142580
772881
344496
572096
368973
922535
581793
4177
918199
424740
25969
480
375768
817056
997192
723798
916897
352212
944869
894010
274852
81588
861977
394478
719633
481387
971508
104925
614774
753977
735746
48836
187409
512068
134553
471755
120424
284854
460633
651403
455353
172917
587728
81375
80831
22666
781974
167237
773806
691258
647138
727173
359335
329392
721230
398896
59658
122085
574982
520352
514421
596458
1944
173830
271240
430774
35457
861401
769490
680400
79528
714187
970045
474071
398617
228765
819845
527789
575645
271104
682553
273847
317978
491745
715181
8965
167977
355481
925457
228179
257639
704666
305855
230093
236158
147289
7547
154282
894725
589329
991223
843097
814651
915433
971564
307809
572896
162798
758315
122971
653353
530215
289274
773076
232740
217533
749141
832038
436709
400401
173071
868717
494803
610919
844898
140645
462115
416962
617366
463318
821061
571206
5372
123861
328391
735481
533064
345556
930593
476904
351805
603692
435106
479286
588391
43368
895249
816659
231512
356341
343541
695325
619377
736694
591099
286636
752528
954060
300056
144821
723242
158315
431429
232451
526580
761111
472667
760737
398004
627318
557074
892673
608632
853369
701585
854075
341558
609726
909875
150938
871329
881106
814528
401055
773530
450816
865028
753696
302576
144482
807558
993193
393174
173663
348120
200622
964574
401273
442253
282309
336598
488440
612615
764741
602562
176371
59968
2511
746604
406994
103600
349266
141563
592580
663991
901163
818411
107254
83535
138212
559416
992254
570355
160890
434558
941973
945826
247797
874367
869290
178097
144638
752256
736360
391973
835672
235503
881020
659750
545826
356481
769113
898092
374997
354316
959529
622837
275618
842071
81405
146577
50419
765667
791930
43156
669347
938136
8332
348708
482957
656449
189128
20640
844131
538032
77372
633953
240841
250207
112603
158560
289689
248206
668380
931773
843332
986014
378747
616872
24421
319178
79648
21701
214553
979883
310281
140470
898752
71939
894559
677469
794365
506982
854286
613140
877793
183066
793379
80980
763316
492955
936378
937989
385339
441811
204704
931893
88697
252606
70565
295132
41241
842459
441101
928605
348736
964250
494305
77420
374177
125234
213467
546419
541956
617999
348303
54987
341862
129036
668654
288671
338743
426263
670582
569401
740717
569283
344865
836593
482130
934756
224357
808195
837043
104148
689380
773714
294856
322284
429231
460568
801716
802466
33119
810553
499716
627595
915265
305028
780440
376595
166596
685402
810225
891569
469441
529759
681600
793513
911772
166984
998658
453040
394049
836505
13724
127433
334357
834751
398455
886523
546530
628734
354611
767208
491085
562612
48061
320125
580314
834884
284126
341822
856491
881881
933210
121933
156173
167445
862731
977241
823721
649211
34686
193141
143624
868691
987745
747896
923919
695301
138604
356221
81922
243816
209391
436102
658701
380162
616228
576400
420155
532273
838650
962667
90263
230719
630367
4731
306000
918078
428956
101998
583651
86526
475376
81044
942636
729889
963761
344963
345721
429390
7794
185049
783383
131610
332001
22806
655324
822660
374651
573878
83565
854328
923505
55392
929239
635994
496476
594350
579155
770336
426355
937056
18404
481358
12031
408233
311712
360060
158259
823346
378950
36047
641813
718785
869154
372632
513938
831942
12594
178524
177348
236865
561898
230919
360578
921023
320905
612832
553307
874884
303889
981777
463373
958371
267982
407381
709478
906883
218061
842313
273189
844492
496078
123881
199633
583011
235748
642934
658380
803036
288690
462205
754301
936706
209596
717972
412786
201787
525660
596967
254501
772829
309479
44657
621954
517527
24805
631591
823450
75057
720984
681223
219593
308026
914623
845647
993288
320810
915959
804932
316320
304467
932588
661256
153839
441983
14695
900792
132709
987566
793578
504318
740458
419776
9237
901752
618675
260684
22968
986367
867971
751905
867379
331151
91242
83194
898905
82818
367761
280459
786867
748218
472702
177411
398316
233403
435025
118707
119334
47379
961217
172337
291166
540554
343216
665111
733514
412177
215878
797521
777499
491548
932733
942851
837253
974568
388269
990314
311804
880157
830867
753126
527849
480385
582551
29788
509217
853616
610031
380519
590261
511751
576112
60617
278117
260672
341333
838707
312714
67208
882804
620184
573619
726503
250489
894796
339224
550370
490798
32217
416518
130282
433130
360562
828584
467848
857103
780205
72202
411177
836530
388878
439343
387265
990752
223911
534073
878558
964775
763621
910296
956103
706721
272229
705995
452196
14424
421311
256033
32203
382583
875693
928322
508242
397674
692801
847066
226661
799944
451903
742012
256754
860070
3264
894073
409934
902689
607157
35381
826564
649792
18787
105786
981918
554063
767566
968004
483263
445548
477831
540051
956781
624632
582937
316324
656085
100
195853
917604
163338
993140
216700
135473
699467
706464
981366
918077
111754
292301
885170
881849
565077
543807
451713
227781
327332
481560
259410
390985
810079
110071
986849
358786
202206
578849
592995
355224
617428
698371
309399
508835
665678
133367
688940
195753
753961
624169
429282
981621
224014
271423
69086
473509
642086
260293
941176
936960
170465
397371
959219
233502
970827
486792
913116
490392
16290
881661
953208
927071
522027
512693
854486
431732
443577
318049
469435
806622
137477
276670
501713
82122
330627
181983
362811
937367
2758
883662
409920
59092
650697
972216
305645
220597
673571
784477
588834
969175
294874
167653
800656
73021
520349
655402
671225
297611
119855
581486
939412
656712
516920
184860
352160
14655
771443
944631
269465
804169
549002
224143
87345
668039
84494
800509
383477
33051
668324
9245
288849
981103
110147
43200
93609
295096
968141
410842
506483
226135
71076
680991
304458
353768
5930
419428
333115
892457
795572
657375
947825
935151
949045
322665
22207
418771
431220
811494
592586
46641
869122
281949
55849
9311
488971
310099
592964
107940
861001
265250
151578
803329
518365
133020
888466
788911
911953
543239
446261
917440
964705
444212
818772
698804
696998
205745
845314
130368
8966
930374
566872
321398
726091
405560
775560
229614
441197
439205
93698
840578
518947
286639
829980
289582
868227
499306
677576
750897
733311
803715
42664
400694
806433
553761
421738
397628
422430
890363
782218
619030
460361
989443
343206
840863
847515
682548
501938
156007
237985
294062
906309
688173
520988
754681
834999
77656
303376
922990
114129
790369
406274
575221
772970
33001
717568
707896
521149
944888
449934
638853
915913
781085
968402
889223
780379
1348
871914
982269
32368
536181
940128
104533
588260
13785
889697
40589
417485
400698
623544
914757
140604
334119
802126
51446
787600
405334
117462
700381
462870
791377
608701
463777
699528
925997
722267
9595
228047
351192
590108
58341
732856
497024
176368
690436
925431
900127
525775
736999
923521
290241
336310
388966
493566
49348
474239
187786
186946
779375
851329
245499
780651
102170
292090
882817
719025
359372
633138
870931
445673
580017
317288
116034
613228
940134
171722
935179
163556
951325
892629
37855
182121
784217
997917
949784
247613
457917
655143
893729
721565
108015
843566
76686
52576
183382
767195
923650
705891
215970
300023
45226
771474
757990
515088
629648
652320
187324
25795
509388
489674
344675
950937
368291
142921
384962
804090
427320
609321
800611
503595
475234
742375
305865
1069
295166
7500
158929
734420
378837
799838
542706
225573
317233
541370
825079
663656
409898
373181
876129
241107
844540
763573
132398
343218
264514
763879
767226
430861
663755
961187
151393
601649
327115
400848
769762
366559
968581
881503
897279
137045
310699
61493
631665
281904
95597
757922
330307
383722
921294
668259
105316
501408
356600
499235
793404
828407
503683
148967
736178
125386
549477
155575
781664
701728
875427
99212
149281
521899
979626
24330
188219
220799
806209
235096
603105
426418
73982
9285
421016
808670
849529
874604
830393
700004
919652
96279
35043
966421
483799
935869
435419
46768
309212
58663
774521
723694
769846
190637
367237
241414
124680
755838
169606
843431
981864
761197
238466
667622
142209
638147
82122
206606
918857
99060
509113
218070
589530
321410
844868
52730
853583
933672
804981
856873
38161
344389
889012
1918
326050
929439
890198
395213
462441
472442
4126
34277
238578
39349
63381
280948
547390
160678
625372
852431
959479
793462
996983
452978
577450
39864
792390
302931
392359
10567
289345
561155
488126
538391
674398
782348
218106
671270
248990
102508
912555
3558
806054
803832
766558
940801
680677
274575
305054
935474
428603
149912
224922
579827
692774
596611
473650
196851
580836
287311
139938
231539
795442
599473
103648
311959
834406
969584
420849
323313
809204
134936
104254
218050
818010
203323
300189
571199
353391
105248
860286
82504
924998
3747
959426
325554
934026
663689
721013
49000
848909
615425
776500
246068
900662
186913
308141
25976
841490
123944
402270
44481
791707
569876
474985
880676
837717
634274
122917
283278
837769
644101
998859
652052
842347
441642
215325
468620
642559
770083
338707
645808
222542
870663
252478
925816
310864
904609
40017
524864
801091
708537
565892
195611
543147
693775
619043
758532
894761
408081
322132
939557
466283
392471
8362
43665
692303
486378
920430
592768
219976
661141
895814
561082
616660
794817
668439
252333
568380
540561
538829
180532
565889
586332
943157
539657
56462
155460
886206
977498
177344
555580
294050
425035
480632
947726
89341
675098
509639
277879
195411
252713
693178
490004
734965
874385
786934
722659
404969
454743
10029
180457
381396
186318
100063
767229
135809
691888
741388
369468
230366
628683
209046
886617
498597
409887
614752
719080
16424
901259
841507
445287
921179
49328
109862
845932
445971
402484
131543
266505
502555
397443
975118
548491
767939
100933
93553
405129
508276
820082
444967
169358
308162
624870
275582
299619
464291
362157
927824
893414
49458
183152
986697
729030
556274
954843
184040
32615
589459
180789
742928
250785
291465
217801
263454
598189
58214
642414
826312
45004
630051
594720
722052
711036
827615
806961
101560
341167
43123
810458
887282
651100
94641
506827
484890
852892
204241
888042
191537
596504
670499
194807
709551
896619
271637
213845
843349
353223
557645
732060
282566
119968
968078
389187
355819
626074
146756
300424
777236
15560
915444
856661
701821
631816
115655
52323
855922
646084
931017
539455
115505
105123
362244
361578
667654
256382
242554
981965
809632
998233
553454
788383
515074
698346
829134
729959
128273
425031
122263
121737
935276
844392
344844
938595
904404
650371
794797
112610
589038
415314
332313
446557
41929
175395
979556
761128
603014
898278
683133
804604
591653
219650
600798
271052
259382
480746
552208
996806
840755
150772
208095
34834
177510
176117
183038
842741
185270
662522
444114
262541
382151
566858
350995
318958
805132
751957
202645
117911
902706
840906
381608
287954
411291
796513
58898
474837
798083
47129
950891
372980
584450
281788
804118
657549
751694
745624
124745
966928
474942
980795
166537
777792
631099
478628
344470
613605
883289
635485
50697
532254
656854
737834
315406
249653
990965
441292
877175
573556
75076
353878
5751
45418
260896
885518
854747
818064
478264
483803
212576
833026
277234
740309
267010
303808
168904
622247
402067
359971
543929
261011
105508
461801
210395
312168
781037
856478
511638
890705
631380
914021
59820
480871
806722
654931
352492
21670
697569
161350
927094
577119
591909
849643
252261
614589
913624
774753
255028
935113
912420
235255
239446
726248
985119
952964
964833
41123
773974
12043
820828
246543
809729
559979
361595
628546
745483
996403
943004
395539
161985
5616
844257
777178
515782
324820
49445
781392
48752
582447
814634
442475
380849
889575
252605
69904
67447
122362
429998
90592
618536
994490
890612
566487
349034
86064
93760
364979
957844
968986
988072
261327
917837
448754
828781
960302
599766
728729
390522
138528
550181
995319
927840
129499
496746
521164
592051
800006
463917
888270
525804
499718
847770
344191
525638
704926
420839
621735
988009
122946
16124
776291
835724
575467
74042
724783
259405
937098
326854
206362
402553
769676
642242
827349
568980
63343
450958
701563
137817
672219
243097
952060
134006
615462
333336
1436
321131
403784
467548
145228
758628
947001
871541
376590
996875
399937
27226
810293
471339
512025
802343
340232
200928
660207
556947
357013
595859
765223
503165
450822
36830
718170
904329
29655
899959
777175
665387
694134
870899
633335
488561
27496
716757
490541
46586
183008
165842
555589
560356
280896
183024
792969
758715
163067
722378
663002
445118
496229
989014
832485
799268
562688
348423
523762
101364
332964
284374
251169
782453
575504
225346
183025
576408
826159
634643
262879
77413
13716
490847
525461
191373
417663
172882
750809
810519
420503
807978
714277
537524
209302
340969
810674
438769
179807
939836
757499
615990
301334
865080
415286
851325
111774
599471
502292
702878
329444
859901
126311
206220
292130
94528
608102
771824
563576
206083
28991
959258
83782
536157
299399
556008
181871
595493
315608
792156
618916
631730
948806
581672
582993
888776
193467
396938
219875
330887
791388
755155
850136
679771
43191
323629
497107
844447
320891
335497
729972
211298
3097
348267
112447
805710
168708
374627
739851
36860
405445
68283
446036
593694
516346
957178
266497
72793
740327
682250
655134
87820
342195
821948
769518
935376
72999
161072
863134
373593
53358
197050
452986
707456
90415
267601
467036
168797
303335
930779
18381
529106
202752
131754
801672
989747
46344
250217
362171
656849
375719
338130
648973
327119
129051
729627
331320
885976
619411
733172
330532
350896
970502
300650
899997
480505
309508
408912
371776
913959
131028
386337
380768
5286
766581
570308
976008
873854
820905
491067
533560
704810
769309
243235
796602
2266
649566
828355
685664
323235
927369
30128
745644
1731
166116
818597
226075
510167
89786
370335
827284
399121
991965
538785
87434
206730
214533
12199
234096
335429
596338
456214
78871
656444
375146
653901
194714
521382
15443
28218
183007
935467
830152
960095
311034
878427
66100
999965
180425
146699
331079
411372
373256
634603
854581
482346
214859
672305
94833
693578
891061
894843
631469
141977
162418
129185
116229
584015
829184
955236
293302
85360
918089
921905
746447
541568
285682
880776
81791
269233
962832
537645
713200
457774
101165
116123
281383
519120
824528
977671
8397
275881
637287
148933
965969
488147
296070
969881
319082
434910
212758
495252
95495
138118
523877
856951
927418
345765
935178
526536
513273
574911
330110
304602
255522
356420
916957
907812
644774
320212
381875
224537
480905
913204
113619
666510
948671
351620
70693
556562
898318
875235
272755
161515
420928
493151
215508
804436
953777
189011
731920
471948
702706
988184
952539
469971
126546
380204
53746
975214
592870
336868
425231
779923
84868
569695
736555
133865
15889
730023
137597
350192
791217
970851
488757
760784
745885
661573
84239
681880
482854
75118
805306
282232
437640
551536
20320
633717
703471
982920
834508
768300
765325
461606
484763
265412
811703
586927
773443
750280
719741
235356
439981
696427
642291
564702
280307
94492
364843
645090
641391
874746
245668
387770
641931
452104
604339
377386
100014
400129
881764
804137
684776
54473
759146
939350
251430
796412
693799
501290
667673
873532
6467
817616
694381
877376
737855
906705
644604
416762
981294
472127
612291
100703
293997
332905
35782
676282
91102
996721
240988
54573
634731
924090
395338
1576
344517
528562
995916
471415
676589
111367
613879
915403
744752
738439
122110
413355
190600
533631
44199
142411
548570
983967
980221
523877
497447
631099
288433
369991
941578
957730
331865
490254
823089
368556
634931
510900
930618
912376
237585
111250
740621
795321
383126
487189
504043
794722
430707
614647
374158
398987
544687
804956
360654
870878
280361
119116
290524
459947
659243
439471
758093
674432
706961
384975
254532
863742
712936
800191
281445
359729
663421
248345
273627
78274
398110
795204
582871
792267
45381
383260
607679
252900
202408
264624
393010
958249
143736
286242
669704
646445
65547
302489
354964
525315
2740
627888
993306
841166
592072
236661
481632
636495
296977
365982
692595
449695
58357
286291
287174
269406
590458
264684
90396
271999
702136
166362
893396
742723
91160
714313
440504
109378
32852
158842
661826
201965
264252
996259
919774
692539
151093
419990
152267
166619
917314
387556
315836
430778
315407
543330
458611
470636
620824
749648
86199
939298
244780
647838
222689
178327
577183
495876
714550
551696
895038
510868
876947
307698
301579
82222
539994
274648
697485
515340
916720
443246
727955
415835
485058
891826
498023
430743
252888
570253
603371
825881
358203
174078
685074
297458
945702
712610
284034
491231
656648
402902
244546
933951
870550
206198
296285
469537
45281
664240
730156
836360
116455
689858
275824
722214
937436
619636
387376
490006
168077
145984
148445
779866
853316
711772
919277
362367
172007
572771
665568
942685
481856
11431
632575
97034
838133
120144
657857
160351
621782
162904
952139
678192
776855
771404
620193
985975
427678
134880
542243
585151
322933
902618
491286
248600
636818
733846
522865
206456
146754
301792
741211
338808
702555
87038
519283
33118
203791
479845
130153
251950
10047
551954
533279
400483
823041
355435
751628
783543
600102
759487
874207
798280
985219
645644
223477
521350
76920
747682
638229
18378
91491
544574
139904
528696
625514
393173
473974
659781
773535
521874
147843
863523
314596
597311
622934
760389
545695
323235
260933
327746
110701
934028
472847
575068
350023
504877
274392
91414
279344
716462
112367
769546
294985
84068
394053
86224
98968
689372
625298
549674
138611
137700
442859
312916
63491
804387
112668
495585
316875
430955
258096
457074
999215
785098
680932
120275
568082
408097
142632
457876
771886
439048
884584
422148
454042
127408
483465
924308
509681
923635
361447
951039
328822
972318
900841
543390
517907
422968
648947
157271
555839
220744
541237
874932
311202
942697
419624
43250
24096
804675
377482
177365
438992
179869
624181
387150
264329
842043
629305
159159
30020
674809
280349
58211
715850
772888
667576
800380
231703
702094
895836
193183
944865
181884
15547
638902
970107
607616
763665
253439
865054
639215
310348
165812
706324
548800
618158
232306
261189
141870
338030
224544
115027
844973
389860
532128
166571
987363
505449
558254
860988
394946
47689
280598
895071
161923
362240
899997
899333
868817
766578
105899
778554
575178
36203
250209
975333
631047
908901
640169
910469
723369
695345
236039
249486
601819
557967
270836
446381
613121
399886
697067
223695
513726
591851
909341
262234
27804
957494
891925
394313
270817
535858
796795
21119
468519
645037
970365
307828
367030
681884
616091
949334
351734
910139
605294
944993
571035
212975
430001
872514
295602
415801
929323
609154
334541
321349
214796
312614
577003
41397
170341
744576
631072
558171
8919
696522
91320
703300
630666
360548
182262
903361
946239
977090
397003
108436
904285
987030
278688
293708
693415
217361
676939
804039
476728
337654
652285
597587
60912
938770
698659
136895
102106
105823
107357
274549
807190
284104
105422
985344
601832
569729
867238
208063
905595
296006
620199
377338
979574
932033
843609
449702
793502
861793
994589
357823
996955
570021
285522
863045
373212
125381
784706
718734
604547
621992
515152
905581
784164
417093
286057
454873
872674
585677
707314
36891
215973
2128
209452
58972
316566
854460
919772
491401
281828
198477
929967
19199
760393
367185
831369
403971
721797
665070
391008
132406
134713
797331
895021
526613
455545
910930
995484
496385
851852
957340
862589
24614
254017
326107
66141
294433
653768
343867
888678
90353
549610
285202
707082
735480
76913
999751
670380
363078
154360
124221
148491
763097
928633
118469
329999
392941
905687
41580
906615
396622
419634
66872
997790
637562
509217
224016
341023
817731
847046
751973
301740
729401
98218
748195
441163
565694
972619
507568
221426
2238
279188
58798
924274
454627
490574
926484
12972
515010
683107
73862
976658
76008
229653
314211
162154
61323
291911
218169
220364
999737
983884
689733
572665
902886
59691
935445
737298
37026
116612
509304
446580
215177
598173
480170
232805
178403
332300
538974
564061
483602
945990
39763
670739
70102
260664
551643
919312
338437
691297
487942
962076
142125
747639
774407
919832
566835
967239
320018
539065
751266
997742
262007
606000
290175
89820
570927
896991
952356
962328
622131
598005
545039
857698
766761
435544
761035
618303
768376
727168
756094
783439
210595
181845
21323
31801
626633
558684
839160
775751
153383
227163
241254
351369
970686
262811
922753
42252
650704
959335
9891
125185
812805
541542
926373
232277
156144
422945
858966
586845
25110
567787
483824
89272
152091
389270
682450
804252
117493
144102
949853
132307
368728
968046
77323
836123
347875
537986
478376
136222
391997
843062
218833
290669
590579
700793
410583
429964
711331
463636
133517
930962
638605
827274
461198
282616
507917
773990
483270
221520
865587
462792
441182
896680
734282
312557
223747
960656
423203
615232
505145
778118
285987
763257
750369
393106
399836
578646
161773
502698
316192
290767
395223
447477
616254
425660
535521
148180
993901
241819
388132
993040
984102
375671
617882
911850
256637
44560
645186
260404
602969
495873
496492
682969
358358
387998
997997
820606
21833
442138
800363
589625
263370
13573
726979
767129
340652
196779
849526
789567
187039
700879
511918
995411
77881
10240
247357
24507
834066
279571
163130
724345
979706
3729
903874
707457
135119
749486
746468
654319
196769
139836
728286
562606
532597
841011
965481
406323
504165
518159
479071
87289
116308
597734
913985
136655
490495
202978
509870
355561
159842
813394
562343
471755
891758
40003
399475
932924
858424
405178
590733
157700
495856
169222
704185
921727
319020
55390
432676
68893
293504
190897
320834
406769
103493
703521
642113
470470
801314
191717
198742
820648
875564
720751
947313
678964
732844
88159
388891
998378
952390
848923
604888
515761
443388
994076
668605
940803
811518
236004
917203
197860
824293
569549
230008
556350
854001
150081
26451
560494
572576
558029
170542
900641
974470
203918
348693
756120
11633
968812
773834
683499
738922
172092
261120
824328
888813
611857
819193
62890
221020
732765
905840
777186
825637
942005
407997
995306
797686
716098
223461
94560
346456
419606
45288
662155
454764
691353
579749
773941
661313
844602
964825
741654
403528
974712
598650
329304
628802
371087
935886
545790
58831
389840
64950
383533
574697
159380
40109
291845
679668
363225
9861
748953
892139
872646
156642
28056
222931
186334
342803
140475
599160
475086
143886
982897
211142
526597
642682
915921
279322
38733
956116
357559
664948
519274
971928
488026
81258
515890
183257
831120
401151
22221
826574
302668
702889
684233
752101
297968
247060
865588
585679
527858
536108
721613
777239
606980
971946
178482
73346
848004
397701
117592
799995
322017
986384
124634
96640
8002
522298
878739
903645
773236
110247
629083
72674
1672
743119
234719
443194
918783
960164
927926
108152
49072
36323
302210
377999
786363
757188
23159
144643
757222
854705
413670
445520
514253
605482
374635
32876
108775
926560
67999
664474
261258
542795
411177
649326
173154
445463
710112
905680
505165
913501
692876
418385
684700
826769
796467
518872
499218
865000
806604
853390
882351
456603
853570
253760
906135
18243
326773
979789
255390
109124
486497
963628
879216
613179
423372
753736
89790
957844
544454
829741
110062
679893
949312
839384
959690
356782
900415
94848
612439
36224
89113
358168
558531
817239
551868
544057
261817
162640
900962
473345
514383
855973
999691
221376
360120
255151
334176
923095
83996
640544
112204
120177
745211
7046
554093
865437
870105
607635
931415
835896
214648
920229
656435
648265
956521
480104
128504
419220
283246
196943
103163
367767
105538
358566
65561
918063
543960
512652
461863
328525
912190
813280
670623
346603
151646
220872
280691
768560
59887
152117
583033
69663
199207
790731
180904
462621
71959
290403
276156
840718
5670
528037
499016
66976
203643
898409
114485
981808
585716
880629
60609
319021
369047
752265
552157
443642
820207
878807
917825
454945
247613
464093
929930
734163
97220
511614
132572
458775
964620
17129
577631
953877
443148
89740
937478
6045
990250
781623
179125
426199
413371
895857
856626
215401
151755
937286
606817
661122
262047
673136
618096
571403
903250
478082
682741
640480
160544
752750
940342
631809
247675
225130
573242
663076
484055
871130
524450
382635
955435
523517
774310
237984
435911
977761
834291
354249
974278
548772
894565
764272
529141
584307
496615
861809
174918
398824
692958
985455
694800
455821
403101
983296
826943
397182
78194
456942
36592
694857
846414
138447
449549
283154
26917
514775
501337
519235
272283
381861
931611
214863
627693
483915
984793
284254
479640
773550
65642
760852
707815
114388
642372
550136
350851
440239
890156
306057
749964
483544
424291
245471
444063
190665
484982
547928
55756
852735
104674
227460
29713
798186
114036
8481
363211
216666
324141
789721
403210
313968
860115
738061
375169
533732
415424
918455
555846
24024
146215
636595
905687
875590
31527
347737
535937
913399
787918
68128
601451
984276
845975
714727
82257
750780
471382
694401
445224
975123
844671
365576
361772
156806
801453
703276
498381
173784
978903
612807
893719
269360
314442
857774
589538
325620
199021
494957
992051
869136
100095
41512
906324
665758
138332
339258
308291
78744
927285
226322
697321
588069
966719
678135
306820
998651
17954
37830
541205
901386
183547
320310
754621
893226
863846
344779
890112
911205
369353
627292
557532
790179
730561
547874
844277
815177
165882
296025
525023
606672
743440
493933
364952
150661
3983
198481
895522
165386
699853
191125
382662
282618
348895
78994
704347
713818
2377
751075
507812
170139
482463
160080
326252
810096
357429
233620
300675
899869
91817
957568
774622
688595
133864
319990
307814
724627
184027
855788
589358
468627
526086
990208
321932
595491
96291
243617
395477
819490
916183
630474
572224
425635
621167
262155
464456
945166
79642
246331
802231
574198
516388
464820
860356
1930
129152
707381
442233
288465
918792
940635
2750
312173
341040
199340
333228
92646
431898
701490
728501
987705
258868
309207
709510
361521
906659
384173
184401
825820
718725
419340
396883
567253
184917
567925
132723
591419
690733
336199
433548
937634
325101
258329
501696
48452
81316
329566
570688
514048
79699
338295
262956
353974
890753
7997
359782
847436
644020
36926
967984
678092
370545
706297
783684
820548
945802
717057
525583
163081
75131
310810
638492
334750
995172
532230
52402
584964
952487
698287
123249
849679
64508
753903
878558
330808
868129
214122
344489
14024
717727
819666
40378
555059
207067
865744
692679
875712
958526
403241
842292
628154
448221
156927
297576
409784
17117
57062
319915
240725
855852
738826
19536
352239
544979
228201
686336
776658
682520
303495
683799
578129
237159
698425
93662
818291
528116
395681
514792
512184
151665
749177
291834
897038
749488
68676
977471
310252
245461
602244
16756
852718
65197
560004
482742
799834
896611
936903
189762
414862
749934
412725
663983
417992
432108
534333
260456
869292
63129
718139
181707
634913
930895
350054
274952
923247
806283
405669
263392
601417
821638
565199
501552
132333
153554
755705
435511
8677
44759
417380
695887
502592
150130
561194
154794
398444
798283
861941
337555
130949
522918
613751
295749
412050
137000
364375
420286
997345
698081
440074
701478
716480
944508
374684
627671
271813
169952
464450
254822
595782
47639
284472
976470
749796
615866
23124
176856
446104
492819
917541
259556
278975
401425
906318
509770
662644
253880
854775
870501
290901
370741
353685
991180
656776
890861
144106
841852
800702
66184
678967
776871
991656
929337
196315
179115
488146
772164
949647
719040
874574
979788
917483
822499
723354
27479
397385
157032
494337
866558
378844
818422
650429
500762
484993
427638
941969
285925
574841
532839
692288
373559
805758
551954
702999
762817
70157
988401
89984
625566
240880
805851
959629
925702
586502
657492
339790
866558
50808
131085
191060
369192
829944
293165
641332
609541
826254
594068
810250
623875
109559
630016
720048
129660
474674
349348
825397
2928
548178
37016
637263
303389
667988
814812
764422
345024
936030
454350
451147
72542
427322
15655
350727
923075
528030
196273
841851
427632
770561
304143
668527
38337
335537
452036
64097
55104
598482
912198
806018
69412
713316
566890
840497
42986
245260
43842
214669
995673
292522
435223
58897
289474
369119
464525
272932
664649
560474
587846
387009
509002
108917
794375
792628
322902
637988
805455
167627
980299
682437
962396
456305
179914
55078
340325
207705
431002
852177
528643
423853
24535
575777
78234
324568
703316
934410
831418
596644
163513
372878
222673
762556
95288
277299
166502
277487
201629
103375
333368
843360
522202
383850
455465
214675
432986
685370
801133
463353
892635
105483
110080
268414
862971
827252
91105
301184
343708
581999
49877
187901
130427
609903
336370
848913
230061
853734
79863
237347
849554
672732
114037
629985
11074
321661
85442
659212
141098
804311
485765
217305
430888
481254
751567
212944
372321
988391
634796
914713
635725
605856
763155
277506
375320
206083
681506
215121
123074
305366
693790
255953
663199
544989
509526
398610
667244
136010
39762
270362
413644
416056
684444
883764
615832
686971
106447
385389
239414
928937
797135
195514
201635
819680
704088
848724
15303
726647
813742
662781
764529
985530
859985
86745
281079
830286
264335
209205
27859
797802
4138
443631
989950
294613
352299
850218
823863
283587
335376
902234
622077
725258
316452
759778
912657
491477
324987
274974
932671
958341
627958
20007
789328
380816
564902
603056
854209
453297
854031
417046
623649
168285
417446
752277
322284
199670
270496
896388
726956
557601
173705
443707
44640
188665
555210
540977
190720
528127
677515
207526
482915
750246
144392
185361
591338
608147
622134
998307
566613
306551
83883
29162
905681
808611
976608
460008
908860
342407
457376
863169
31929
643124
248864
78970
543449
643732
723639
771310
560218
909953
542571
713198
452725
104599
544767
421808
687639
161842
614795
236200
405831
653748
937490
310780
422116
39418
391472
283673
876848
101323
829580
571579
469695
893954
647743
341317
62366
956619
353369
213143
449770
375292
810175
662050
268003
517615
458427
900656
332791
910692
87899
750917
183428
783085
675420
641771
244970
250387
389698
405964
815384
988054
113188
991702
34522
505641
734078
553365
98283
813388
21062
640460
243977
355069
109349
365077
451869
570304
498470
495502
383088
345028
990747
397313
805499
910572
183839
623091
646869
459826
971641
738107
858572
863190
4848
661636
473293
387562
215831
402254
596630
248327
322046
570306
585180
157362
687998
461907
332667
769296
47880
826180
410815
73790
369308
651110
793183
333354
573144
433233
27810
124227
915230
432556
18498
402102
582912
356436
24761
284990
462574
764840
96876
422268
93947
244231
925220
401974
542797
58496
1974
637654
295658
552700
68506
571599
308601
59095
53162
833031
26598
434669
91913
197847
530854
645692
768235
810757
968566
7057
408808
151163
72870
782890
128046
650910
890322
859738
327189
705006
799072
114824
522609
55704
522959
919203
703205
175828
