3200
1000000
314872
525389
943753
992549
231922
313158
261755
238549
219195
702913
749741
209404
267385
34548
29978
684442
665895
283817
794011
362194
340850
809148
497359
170618
48367
345748
78615
592513
41879
362134
558554
236990
470013
352246
965706
423989
555481
500559
281896
991225
555602
428091
4594
881592
611565
404002
482460
323896
856197
490444
396327
580972
568971
577628
629901
306575
742179
161526
302801
526110
153622
18443
923110
136113
928904
638645
457458
603558
620314
395532
613700
238416
29518
947333
784582
11564
357693
295046
910373
394983
779465
253389
984232
112348
205925
830739
46182
5489
827215
159596
289849
445814
6615
170816
340732
849703
235750
162904
855556
892986
154494
781892
339347
962010
89336
697850
480196
227444
170409
440826
361228
481827
850109
442012
625127
543036
565135
315226
38643
593188
359010
809254
932808
296163
513569
663398
679178
916791
625603
806570
703222
950897
108800
954518
533073
967766
801296
680292
35139
465232
215621
459818
297685
542476
980511
27440
589278
106743
192987
615560
441096
147598
724326
298015
180381
335924
4969
708579
176919
834800
451118
863991
655241
745503
489724
685177
172300
54259
88744
80808
763708
294009
806018
134156
321186
390341
632788
17135
979707
321863
326833
744759
164858
292682
505408
778687
479304
88285
499583
790314
791776
165992
859312
601886
732839
817303
442480
438343
298769
431828
221390
143129
418174
491123
296575
937946
145590
425646
120545
639462
612069
879170
603001
985209
984878
242389
594244
866435
466732
541056
224969
817442
799553
893913
718319
68911
828572
791774
584013
837018
429675
391518
554564
290625
506173
867391
230057
815590
820803
616870
160637
778265
144537
779519
14803
979480
575878
94597
556820
385857
912623
596858
387980
527008
642666
29838
794152
155235
461203
142069
586002
378550
218796
224028
518474
498386
858078
342288
732536
210106
206411
732195
674922
657431
457686
721537
120539
71155
798478
375061
247381
368050
912116
773323
195278
137582
28782
469216
177455
902109
780586
201712
7873
400456
367631
388654
857467
915286
444392
269151
158889
341446
695316
820949
842024
775464
284373
739317
501511
895641
235336
831357
672688
297684
327918
153286
123836
252579
279443
98116
960270
61434
822553
427293
379804
296243
786528
932237
119280
736058
443122
10365
988311
734819
187364
945053
399086
90056
89621
90119
470026
220996
977274
476825
106275
610070
482686
584985
441448
13581
928710
149672
162783
905333
13791
911162
535734
981222
5818
158105
394307
323360
557169
762565
969824
999010
312984
160464
193532
452654
200505
392059
27407
38746
659416
884519
452704
438230
101409
132249
977239
503657
571785
810526
910092
285722
926729
144127
196369
608339
836950
545021
304849
579846
581706
631828
517781
854700
906812
748624
984821
293033
186028
11809
71996
904704
747319
731148
861830
609972
503790
774702
142168
400681
963650
77280
858960
943876
284419
28147
802194
533983
283621
916129
244374
570240
221563
958870
357376
412787
731334
697902
496208
553866
487010
702290
857169
529797
73105
591023
593053
894951
46631
357951
199541
880654
367700
862934
874573
70007
215418
139030
596475
533818
702912
857894
866779
393402
158610
894238
420151
702707
450511
435042
716502
875292
295968
490369
699338
620877
621594
980005
129578
501748
816216
793784
785514
771027
154372
353334
957299
112828
758674
239123
958270
268595
216417
389055
825642
304400
369137
223512
989506
450753
853415
806605
451818
29491
687001
814551
935959
971550
566439
649444
542670
824939
570689
510367
679605
954014
649781
613619
419444
839124
618406
40014
985439
999975
371379
879565
763481
86581
691242
442492
96202
108394
327863
310418
127344
605249
995667
912677
133545
802989
556256
130131
105916
442159
932444
152438
825198
19922
234352
444664
312013
643326
168986
215224
327648
556351
51820
219535
551016
673641
642209
82401
163875
130601
584046
577015
839090
942532
448875
459620
545668
354759
250757
526238
159483
361181
830501
531500
600055
170463
691452
489526
101464
107078
709826
662899
269377
548666
639677
238186
776422
21695
485892
285074
904539
504159
628165
101087
655653
317054
44759
454979
820970
725637
106886
559268
224369
516979
192896
826020
336821
372078
806025
589889
596469
808807
970256
18514
62931
836233
425933
372789
484589
231346
550099
628157
464095
525995
986064
222925
169968
374849
682567
360774
961169
964429
414948
861995
366669
518803
889056
31623
93531
759257
213222
392513
124671
383296
864410
417558
511444
242559
271749
587610
166380
919757
793976
200303
817841
831493
176859
359864
301074
816841
542540
489140
529068
410796
584744
522416
811828
647248
922187
661287
674120
287860
497035
205671
959439
831252
496108
508238
801891
521161
519599
542859
997886
842721
625385
926363
415976
672817
436577
487732
345863
333413
715796
640027
106564
286067
681702
877690
808901
101323
871656
695536
898931
638435
538930
105604
996630
78879
413737
714170
588091
571388
154400
13632
329690
766733
968292
142585
79112
447232
691782
872291
280844
788979
84214
988890
2652
534065
213014
558085
744810
495524
585373
782642
125221
369542
116480
292959
681344
787442
115139
747072
323719
904242
214648
558858
426117
591057
580146
421811
143779
475420
783214
50685
313899
656554
450316
224389
211438
911927
163763
780928
508599
606902
122173
688812
17668
321069
751997
699238
184683
412848
802486
369468
845311
358197
453548
440243
454497
719796
619266
648665
857933
29806
939416
62885
686039
702324
917149
936080
620142
330921
283059
894543
105700
372132
944202
998390
568884
267555
811167
843241
830510
515205
387171
407372
205274
65021
250150
791218
724424
683968
462219
344756
26465
612874
500373
933134
723166
920215
518169
252113
467107
447268
620173
172201
522179
134587
359294
64048
369916
821510
851680
937516
772203
318399
744683
12991
754892
665595
770477
35882
177007
13570
771205
243870
906707
485490
891138
401393
137826
716465
97122
726926
49810
502963
310667
856064
839006
141409
213363
206983
130759
586736
221863
244797
919416
519663
219497
177421
477334
775734
378662
557945
124136
359651
811441
117165
353943
445220
845472
904782
580971
344194
437930
478943
682866
416595
612527
451131
596304
290572
832775
167113
450861
561644
909314
684456
114836
349148
379951
493335
570663
702004
298082
619681
237733
866382
18543
848367
216912
854652
879470
809035
443713
587976
644571
578263
906038
124167
192300
269183
407610
127961
216738
803271
839632
792578
639538
688944
560943
879491
23134
167686
280844
407550
522484
530864
789015
793128
815908
758965
983322
919717
15200
889934
909084
698404
770962
684365
942243
169917
661221
222726
824133
94438
479685
43402
986952
277134
224571
310239
496761
585386
429764
284399
984750
727908
977124
67720
137747
386515
682096
183407
675352
218006
754329
64762
253796
576666
700843
933794
405562
547137
361349
868942
449011
22911
543652
84756
283678
117482
161623
576290
124624
153157
869073
317064
523170
836830
929899
141869
471505
2502
468217
294295
995163
477093
301764
373745
399992
209113
277661
77860
259246
788992
401701
703626
301571
885408
80664
844085
592150
923681
481703
97462
786930
540324
353691
891636
783819
962103
652477
719274
794930
478453
965308
177580
720405
602858
39278
211500
717013
351830
684449
870337
23725
309347
944382
705141
431583
790146
705119
657837
266705
467005
848255
922982
392898
285177
644527
799129
534344
351371
331433
989179
168988
755204
721720
157756
349724
957798
249144
808475
73147
465203
73712
705151
234614
993579
740717
128354
783522
228598
416167
232353
424178
583262
905793
647386
95327
66346
505652
258308
505331
487951
229379
783063
200225
749136
110501
373059
998272
889359
87772
962402
137393
898495
447308
504082
150724
39402
917390
548589
310821
572570
290096
844061
464414
326112
878530
766958
217354
512367
209183
428388
723317
556659
96099
243580
780027
474243
646776
600659
543214
508248
809337
19735
931216
324413
786333
854453
712068
47686
12568
155567
340134
821264
422716
789672
840772
370389
419011
286185
429211
261259
290163
171728
93792
159625
829681
743505
73879
414206
555130
331857
19233
716757
239415
107099
630304
423677
431001
396833
747865
363279
262042
297353
185590
598353
121735
86375
80637
665422
706749
574194
174984
270088
551450
66528
234210
282117
387650
54680
760620
144458
586994
97279
264042
487080
498613
612736
616330
819593
710529
462724
434557
665823
135355
274304
13053
399051
349149
422033
55928
338355
796855
471200
349370
374541
318590
669518
556998
508361
948099
766961
521702
204260
88026
42071
813888
389640
976203
917949
778705
262623
823018
962263
3808
810581
121935
383009
954379
87181
413624
355377
503599
847465
218673
644955
224434
98497
944710
28664
602560
487358
320826
957159
780449
218766
315492
751099
49065
371400
553758
378545
66339
64953
965339
521914
700515
919251
767230
210240
471672
642248
912874
766200
796156
385484
824409
197186
626369
713595
565395
445853
622290
648708
608462
107990
691313
271097
5651
324136
589415
784192
78779
556286
289396
785067
713011
872163
990818
720789
958840
176891
971546
156507
926048
555559
962158
532923
887768
520046
362252
548803
103570
489594
411575
168429
117607
277017
379131
524411
191138
701065
939842
663032
88333
700328
171054
162313
650089
485216
20104
142229
462647
331930
669378
82034
456112
595962
956728
161383
452586
402560
896802
549993
524389
257712
392805
184778
519963
515596
428387
93971
268346
237072
385816
254442
782680
478672
649264
301477
249043
462692
321018
149506
708953
396340
703572
727798
122232
931567
182061
586887
931461
387064
279140
89508
340110
890044
948380
264070
263462
537824
622466
169217
314808
527837
138881
794770
248914
959604
428505
107351
642
673318
771468
838270
828610
57065
499808
6729
102154
228379
257930
973190
954386
375657
319541
25732
364982
331133
3719
116497
233408
639479
932912
385838
656581
484735
732165
538512
934588
843146
781542
969306
793837
140625
802636
774712
939151
510957
385310
432790
324592
474443
42193
985106
467383
486643
16200
12663
720130
342922
860268
561954
663598
866971
758688
447838
685630
660031
665888
36629
371351
942494
601185
695858
545643
680646
856982
586384
680926
258718
453094
368045
911606
930039
901305
691825
81137
160975
231984
59480
88432
767455
278505
745854
297467
436284
415432
999610
927207
822071
302865
664869
148580
915473
702047
699243
81025
789607
96256
803014
3233
148850
676233
519732
870988
327879
230823
720234
669625
518706
621191
340116
219407
39565
810952
604947
799211
401921
874715
748004
357238
780480
14021
402090
137012
245971
372302
429983
262776
781624
359502
947333
200451
671595
272113
687333
38642
323301
225914
658239
218752
965426
806309
252828
684094
949575
385178
583148
414926
575853
753301
834400
969703
461358
573891
858575
962379
475396
175442
61460
371404
176398
371068
875892
198175
502886
316689
759643
270969
194465
901862
708082
924984
48717
804772
729764
879939
655990
136811
597349
883736
696458
552401
456776
594020
232474
806136
554356
729036
684111
2033
424485
735010
336914
198614
369881
89345
298287
608742
961838
887251
792548
364577
589665
543977
564588
705720
796539
285672
948194
492546
253245
598931
847472
146934
741777
962428
478462
479043
447535
993601
222885
371476
191866
609176
357129
961118
975952
920381
736941
784142
352553
362029
741940
331104
693868
989215
913929
596755
381800
966197
759144
503146
311150
19096
126934
524782
866790
27368
426017
451040
712599
988581
694339
983765
312982
306847
199673
786887
97040
727317
815516
680101
570945
267491
890439
900127
485869
180638
708952
740700
376798
327468
928068
426461
401822
329245
566126
776051
432012
528868
219088
66197
768747
96009
184388
521242
698352
578209
83545
21559
333178
821931
392148
949433
833764
465852
9444
572481
158467
143280
629637
2355
944962
121377
213156
560424
992278
351954
298524
332328
82516
811927
244074
799739
558207
571075
743686
700355
154204
240577
121802
686118
72323
327878
980389
924810
182427
551737
744155
521659
535398
355897
530175
525259
81464
700632
554260
326069
601618
708493
978742
455936
380329
893893
705023
153551
74556
515760
119077
573420
567046
58278
209260
184897
331175
966828
793149
733022
980088
544565
813763
114315
224659
349601
795420
658441
422791
523646
585584
600530
266847
229960
451474
979195
926498
781850
448821
801689
141042
102468
735033
80372
338238
872527
160190
263588
845995
94591
36645
659233
658704
830929
461651
680780
21829
556495
947327
133185
306316
909413
398385
300058
258688
618414
670445
293678
733159
39999
40394
985881
438900
47657
925105
850532
68561
981320
96009
217248
413427
987256
454344
761240
716109
356985
155584
535562
563384
408304
501402
489783
79870
42395
553665
213020
47411
358006
867351
589471
845610
607041
87896
161045
785681
335477
413363
254353
492785
769307
82975
348308
481320
377320
120908
733731
963082
70826
537908
247860
230023
685008
73144
754295
661308
227406
344866
82912
518647
876112
970807
344428
214382
863561
817912
890786
663562
191397
45849
705190
664244
587682
19889
674580
989544
239822
486141
22541
20422
614873
625743
162067
299986
113475
734494
365306
348082
394490
310567
941365
439211
954468
275291
63429
817306
949410
900647
992913
997673
305842
772012
211048
389402
884063
775782
887268
460813
828478
668934
188913
66011
268252
261179
168281
352373
216093
620276
350683
876813
853807
997180
691156
172924
390303
360092
267643
31586
331087
525126
934939
184417
307822
876164
176347
912426
582373
577618
558970
341508
961811
1208
523751
831891
139181
811472
722811
920466
409406
784647
754336
732857
300516
971641
939208
646428
907466
258252
733777
255867
619122
724385
479597
369786
488570
458917
453675
849757
712727
647983
601691
592490
559283
821862
911883
851331
607349
119240
118686
395051
352741
307537
312971
709879
69657
84109
79609
565012
317567
875513
983342
782309
635460
950671
580340
977686
775170
168632
645546
374676
291312
92782
974849
529929
427433
520718
946315
955897
16302
702656
6163
177733
546847
651101
382852
719422
641035
980662
626608
878428
931105
659262
21905
918653
730844
900632
526853
488255
954191
182867
656163
651879
450269
38939
643281
916116
296002
832466
292492
22523
615825
205644
163233
84263
182524
266157
116557
850477
394099
865991
797634
496715
218600
517478
328351
360295
352195
590518
340561
466184
145322
439814
493170
522044
817578
22084
785255
300292
104074
380606
302553
970584
754324
98076
516129
997853
239256
448636
889736
679053
612830
516092
346294
256017
721729
987672
94139
812353
859999
681371
420135
839037
525003
119753
319411
436405
146940
624256
250473
609459
536204
471401
879589
8960
321207
625965
409838
772497
833847
446028
977870
827748
740620
540968
645387
134403
214459
655840
712558
861740
595687
54225
437000
425571
300058
376494
754692
641318
197660
361593
268082
989207
808549
137813
591903
133114
439272
11663
128603
386296
819049
813823
483025
775319
885158
897318
19911
717688
114174
825402
517988
99233
199016
635297
480846
714057
931325
318821
427531
612833
864530
822032
404681
894534
705008
433457
37267
872155
407086
904053
666433
344772
632199
21960
510614
916255
573309
651238
330069
915255
142815
436149
775156
491545
175457
471186
455131
890600
607297
241937
776926
741268
557711
52999
772329
430661
863346
976540
457178
285915
891368
78747
747614
334192
393848
311270
596155
870342
755999
990910
804276
925872
238011
233192
918395
3391
713575
54066
722591
117460
967746
108914
104101
265772
832615
199108
486552
943859
311336
743808
601118
212013
369373
388280
97211
124888
256399
799924
382024
42237
63099
489304
122171
453516
714206
185900
40900
469564
752410
896882
750
61369
77360
282133
874276
458902
269791
389856
374352
862265
252882
114493
840810
762931
821273
962307
961581
724576
2734
839876
544218
431038
308306
616868
747622
173190
673801
156854
633987
717000
298862
358546
507424
671858
649374
504731
268414
61189
604804
877318
932213
786703
104160
164258
534478
73080
672542
657794
878877
781677
894850
623308
969109
689853
244026
504225
511732
446744
668280
820785
576353
936854
995076
719130
356230
209569
519206
132049
984986
965710
108121
423840
534112
831505
779747
209141
641104
295872
986339
759220
699558
238639
772493
39078
180206
435371
566256
954870
445851
288697
609345
833522
373328
306564
935819
505065
202096
524584
368088
613072
291728
152660
214993
939737
889523
215333
228755
599499
584683
850792
905888
928766
856897
235254
401788
779164
14909
807433
169469
707863
864580
582057
930049
250939
646137
861927
735868
64333
136767
584737
696696
221880
327393
873919
405336
370989
751427
101995
220961
763957
368486
920464
346863
406514
887487
261981
73873
695106
551268
278601
651497
950526
698783
544140
995931
197898
871161
619165
847390
391664
834312
253941
48786
39088
653516
87624
333615
836934
874321
691269
382945
503351
939313
197727
939771
460640
201751
563265
453530
404458
284740
713731
68409
81137
78590
442390
766143
787195
369185
946997
127325
203730
946633
320503
484829
183297
56169
142740
208728
17965
222221
559722
484217
534675
801754
882700
222332
87613
104448
790857
677824
147227
554951
679539
939402
721627
166408
560202
704587
288507
544666
188712
654773
264344
748974
775450
305638
292533
597718
713628
423886
793222
426676
251530
973356
285022
882445
929856
81866
962385
65182
907136
704727
892321
222447
4175
501675
980272
239928
412738
941050
547333
374986
534234
798370
959650
35425
340842
26005
255699
918582
984618
436501
128292
494772
119299
764137
935536
644327
545088
447674
638592
238908
338429
911758
693996
595458
586790
215317
964392
25133
212753
682330
653944
149708
142195
533674
123320
264434
248100
598333
194013
788989
84578
898060
212903
767140
414885
271667
715350
450903
932787
233419
998744
236442
378329
944612
298299
606651
457111
518191
543045
279305
586411
873375
862325
459840
512008
10550
111753
954313
266322
886266
692461
910736
771484
34019
848616
125966
630215
698517
445540
180497
292903
529511
954425
144969
841017
815793
999512
239893
85007
830811
359721
624033
539105
108414
759124
437085
105932
370549
129265
328745
980603
388328
281236
968948
366992
273676
86525
452996
88105
570856
333059
90508
68022
45489
396483
798548
964583
253249
746601
207004
940062
811232
95041
628224
671280
792088
682593
243105
221146
814294
803289
212292
320357
211549
167187
933829
941004
130058
114948
337545
783085
524581
14695
931674
440435
802405
395233
298622
564346
299003
499659
874516
301142
859926
979446
141104
644253
550583
391535
808777
111819
918862
9567
175907
337637
295103
215262
612429
746246
329807
397127
34506
472212
341453
851004
312326
79204
75205
650644
784527
436172
157787
836352
440432
315970
874670
555898
875234
896030
892769
984252
823450
361177
205162
947345
932434
235455
883937
179956
450396
902829
193055
58919
672356
15898
235228
470267
312645
137240
585112
192539
453997
9798
295672
808364
360985
310693
255426
692576
239509
607133
121321
67484
974202
503580
955328
464572
982123
646100
252407
186753
583734
332827
263313
526492
711164
968725
387790
562425
348921
498366
942010
330789
833671
252150
788706
47841
27392
349452
159226
845563
422174
916410
493864
175363
435101
896584
280092
633091
508134
159465
677908
463574
140564
944843
187354
414024
650601
420270
735284
923031
287814
274393
336828
855511
299607
820663
921541
123841
692615
43955
5051
571552
723827
386868
634098
438350
606460
843019
436170
573839
522044
101360
664509
322222
792878
68581
845091
661394
987945
85918
4249
747193
810604
552184
483917
487259
847783
466604
36069
148772
648118
613045
228718
290533
140429
721481
192934
502184
104094
963054
393649
532036
259360
561836
416584
389826
558300
139417
729464
921879
426090
647691
997751
173520
27458
390731
813441
577221
114606
688387
630056
634845
650623
192271
287761
298495
196310
729019
759625
696830
998584
816268
653363
202388
825020
673503
562447
90287
851842
632965
576321
199851
331555
345062
131515
78066
341681
68221
913754
57415
647426
634901
705772
600513
598870
393459
916313
30114
27177
539865
22901
455419
304525
773725
314281
304276
88908
139855
127982
375723
787662
249655
244302
738467
442489
815778
220057
118275
563977
579110
223783
640884
425034
258822
368624
926921
460376
114281
629990
571456
713125
71836
182100
983196
719792
140039
390887
406953
831353
13586
760280
707915
730822
349296
844721
157372
826681
186680
512822
26931
276705
381187
975415
271893
628178
719941
675792
964347
448188
597828
480775
422666
861640
746002
608303
176466
614796
525444
380564
4741
138646
724909
201266
289752
99047
635648
121447
840388
89568
414523
980308
156096
448140
392651
385875
826119
660066
38478
734858
388652
447647
742174
61898
510667
440609
452506
755462
791538
271738
467869
80976
842225
48542
359883
11338
546677
414481
90998
80792
573212
832241
876796
850207
271062
296727
239178
100112
60853
416878
998407
52440
307721
693139
659956
762719
451854
861330
766389
321540
863670
373872
305005
657453
489449
445769
188725
542994
858129
605444
160721
871388
431110
359455
212542
393533
594291
405341
750991
883182
815191
808269
300771
132828
617912
694861
487934
273614
64789
311517
413404
659637
376016
744758
296377
960369
167110
207538
444138
164469
538994
558194
187858
914074
916615
637634
413182
960758
99364
85543
709933
562626
460230
527878
967010
326610
610497
415569
446571
340854
132898
338308
985841
439127
178571
337524
995412
92532
821754
599046
349626
733366
71045
918681
97683
281775
347219
502882
163330
267941
54925
991841
846535
220859
599265
73841
992274
929312
828113
697345
149594
771492
417163
681273
908344
556790
157115
474122
871510
226560
450973
918989
397817
320292
584391
144306
332273
329389
493070
118989
431615
932864
818626
985946
87084
637551
17982
19292
248747
530026
171201
938349
163572
688241
918823
355424
653733
297943
652157
334584
182117
672267
678597
395069
878780
182483
588920
805677
35078
573667
464668
685438
311503
261164
881073
251027
50700
982006
884655
532873
638967
610045
254457
19579
817483
34360
392062
984219
208826
747575
127886
696284
94793
194046
579893
329497
658350
987446
955745
138372
485496
823098
850557
395417
112117
282465
159771
655975
796401
755550
200341
149245
499144
391496
13274
