200
1000000
840280
381175
938648
133082
818008
827767
402606
196564
441549
346550
345214
410804
706838
538435
419769
170794
86845
197770
911958
937701
145609
906077
747684
267097
443392
449297
135150
168511
437077
570529
303661
179891
604366
133738
466585
869645
75972
118619
832267
89296
646949
992805
214168
191379
156435
914802
550334
600058
874511
909543
432317
576053
715556
628148
564970
752806
809352
554487
931066
37423
204416
553333
318494
767786
252391
468405
782804
596319
528033
73295
564191
431243
976226
54278
955521
907781
345627
861207
626795
284586
867955
201184
951506
364806
572603
669427
951607
26517
588171
512723
580366
213885
275665
803078
196158
788257
62546
362668
245300
467470
402460
625915
368313
192049
372391
250467
371522
648536
37164
696138
764738
353066
860614
179275
855738
652389
123415
379805
713620
234908
519480
29160
665589
260883
845995
39498
375558
18827
976574
148149
967965
94194
112678
145903
106519
396841
645372
633758
415090
35315
827630
909963
136788
948896
856837
27673
467294
412417
897795
283251
569786
14223
38436
396237
881371
474252
163649
424227
954691
717063
256987
19386
743433
943731
695741
978030
936754
56897
691740
160714
675163
684848
148420
767466
739215
223354
854112
641300
92376
768107
112168
742849
480738
545938
620456
189967
644793
469596
655920
288338
582250
738742
394301
792629
215938
988876
500811
232452
767116
350306
