200
1000000
444179
885374
343491
312010
968576
706567
111182
423173
980266
617396
235666
419855
227391
697585
916785
68548
290313
377154
716044
535961
997269
827772
723158
920698
544515
844613
870712
519461
114706
513642
445072
84153
241341
139958
311390
147549
902450
624725
621535
347731
343329
721387
806003
565303
925932
376266
464352
602396
881693
664324
363399
78813
704838
667784
128432
198149
64901
13434
369896
45558
539977
683910
926483
118850
176368
148867
625303
865898
865600
823886
460769
103875
796439
358130
376069
329624
787324
276157
894569
95521
133800
54991
693219
821446
715827
804437
836007
641062
501489
336817
792740
139340
256454
561681
556902
128359
222643
821769
146063
929651
764911
998345
519298
983936
501167
957245
478297
992866
229181
181361
432321
212426
42450
240973
1886
963959
387837
90217
312041
906288
459302
46188
483326
121215
244893
706557
266966
604716
748268
992258
990609
327437
391367
963709
981848
630626
371470
52206
419051
357447
793693
872536
122445
784641
729133
838506
143159
115786
959149
390033
133904
24982
57954
758567
392183
498514
638458
847058
155407
12159
40475
981325
197027
903022
475714
1621
23751
647379
660598
406323
6164
639763
265791
34119
588516
983574
90428
76708
318212
749801
729391
50944
811463
137951
643567
727543
928830
982095
965888
912848
372840
84979
80045
410839
639589
934412
994124
454489
757234
458714
